Be01,Be02,Be03,Be04,Be05,Sector
-69,-67,-71,-66,-65,1
-72,-73,-76,-67,-70,1
-70,-60,-69,-68,-65,1
-71,-61,-77,-65,-65,1
-68,-63,-71,-67,-72,1
-75,-62,-70,-65,-66,1
-76,-72,-76,-64,-65,1
-71,-62,-72,-65,-69,1
-68,-61,-76,-65,-69,1
-68,-67,-77,-65,-72,1
-69,-60,-81,-70,-78,1
-69,-71,-75,-66,-65,1
-69,-72,-74,-66,-66,1
-70,-62,-81,-65,-65,1
-76,-72,-76,-67,-77,1
-77,-67,-71,-64,-72,1
-67,-63,-78,-66,-65,1
-76,-74,-78,-64,-69,1
-70,-67,-76,-67,-66,1
-76,-62,-71,-62,-65,1
-76,-65,-80,-67,-76,1
-76,-72,-77,-66,-70,1
-73,-66,-76,-68,-69,1
-71,-62,-77,-67,-66,1
-72,-62,-77,-65,-68,1
-71,-62,-80,-65,-76,1
-68,-62,-77,-66,-68,1
-69,-61,-79,-67,-77,1
-76,-72,-72,-68,-68,1
-68,-60,-79,-66,-65,1
-76,-72,-72,-65,-68,1
-68,-63,-77,-66,-77,1
-76,-72,-70,-65,-68,1
-70,-63,-77,-69,-77,1
-77,-63,-73,-68,-67,1
-75,-73,-74,-66,-71,1
-76,-68,-74,-67,-70,1
-68,-62,-72,-67,-70,1
-72,-67,-69,-67,-68,1
-71,-65,-76,-66,-70,1
-71,-72,-81,-67,-77,1
-69,-65,-75,-65,-66,1
-72,-63,-69,-65,-71,1
-75,-61,-82,-68,-65,1
-71,-62,-75,-68,-68,1
-68,-62,-73,-68,-69,1
-70,-64,-79,-63,-79,1
-68,-63,-75,-66,-65,1
-72,-62,-75,-64,-71,1
-71,-67,-77,-64,-69,1
-72,-71,-79,-64,-73,1
-70,-72,-71,-64,-65,1
-68,-63,-71,-63,-65,1
-71,-62,-76,-68,-76,1
-70,-67,-75,-65,-65,1
-77,-73,-71,-65,-76,1
-71,-60,-77,-65,-69,1
-76,-62,-79,-64,-76,1
-69,-62,-71,-66,-68,1
-74,-60,-72,-67,-72,1
-70,-67,-72,-66,-71,1
-68,-61,-75,-67,-71,1
-69,-66,-77,-65,-71,1
-71,-62,-71,-67,-65,1
-75,-60,-76,-65,-68,1
-71,-72,-71,-67,-65,1
-75,-61,-76,-65,-77,1
-72,-72,-72,-66,-68,1
-71,-66,-74,-65,-73,1
-69,-60,-75,-65,-73,1
-73,-61,-76,-65,-65,1
-71,-72,-76,-64,-64,1
-75,-62,-72,-64,-69,1
-71,-60,-76,-66,-65,1
-75,-62,-70,-64,-77,1
-70,-67,-75,-65,-69,1
-70,-62,-73,-64,-68,1
-69,-61,-76,-65,-67,1
-69,-60,-74,-64,-68,1
-69,-66,-78,-66,-69,1
-73,-66,-70,-65,-69,1
-69,-61,-81,-65,-76,1
-71,-62,-73,-63,-67,1
-69,-60,-81,-66,-76,1
-75,-72,-76,-65,-69,1
-69,-61,-71,-66,-77,1
-72,-72,-76,-66,-65,1
-69,-61,-79,-64,-77,1
-71,-72,-76,-65,-65,1
-70,-66,-76,-63,-69,1
-71,-64,-76,-64,-66,1
-75,-61,-71,-65,-69,1
-70,-66,-72,-66,-65,1
-75,-72,-76,-64,-69,1
-71,-60,-72,-66,-77,1
-69,-72,-75,-65,-77,1
-73,-62,-70,-64,-65,1
-69,-72,-75,-66,-73,1
-71,-67,-76,-65,-65,1
-75,-62,-72,-65,-67,1
-69,-62,-80,-64,-68,1
-69,-67,-74,-65,-74,1
-74,-71,-76,-65,-65,1
-71,-60,-80,-65,-77,1
-73,-66,-76,-66,-73,1
-73,-62,-70,-66,-77,1
-76,-62,-71,-65,-65,1
-72,-62,-73,-65,-70,1
-75,-61,-79,-66,-68,1
-69,-67,-72,-64,-69,1
-71,-62,-76,-66,-77,1
-69,-61,-79,-63,-65,1
-70,-61,-76,-64,-70,1
-75,-62,-70,-65,-77,1
-71,-61,-79,-65,-69,1
-74,-60,-73,-65,-71,1
-72,-72,-71,-66,-70,1
-76,-62,-78,-65,-68,1
-71,-72,-72,-64,-77,1
-69,-62,-76,-65,-65,1
-71,-72,-72,-65,-77,1
-62,-74,-71,-74,-80,2
-62,-72,-77,-74,-72,2
-65,-64,-70,-66,-78,2
-62,-68,-72,-68,-80,2
-63,-63,-71,-86,-80,2
-67,-66,-75,-70,-67,2
-62,-74,-77,-74,-77,2
-67,-64,-75,-86,-80,2
-62,-68,-71,-64,-77,2
-66,-64,-75,-74,-80,2
-62,-66,-71,-74,-73,2
-66,-74,-75,-87,-66,2
-63,-64,-77,-74,-77,2
-63,-68,-75,-87,-67,2
-67,-72,-77,-74,-77,2
-61,-72,-73,-66,-72,2
-66,-66,-74,-70,-80,2
-62,-63,-75,-66,-77,2
-67,-71,-76,-66,-67,2
-63,-64,-71,-83,-77,2
-60,-71,-74,-71,-72,2
-62,-74,-79,-83,-67,2
-66,-68,-75,-71,-79,2
-63,-64,-80,-79,-67,2
-65,-71,-72,-66,-76,2
-65,-70,-72,-66,-80,2
-62,-67,-74,-85,-71,2
-64,-66,-72,-66,-73,2
-67,-64,-74,-85,-80,2
-62,-73,-78,-66,-67,2
-67,-64,-74,-72,-78,2
-62,-68,-69,-66,-76,2
-62,-64,-78,-72,-67,2
-63,-70,-69,-75,-78,2
-62,-74,-71,-65,-72,2
-62,-71,-71,-69,-71,2
-61,-68,-74,-66,-76,2
-67,-74,-71,-86,-67,2
-62,-74,-74,-65,-76,2
-63,-68,-71,-65,-76,2
-61,-65,-74,-86,-78,2
-61,-66,-76,-66,-78,2
-62,-66,-74,-70,-71,2
-68,-69,-76,-66,-71,2
-65,-68,-71,-79,-73,2
-65,-70,-71,-65,-71,2
-62,-68,-78,-86,-76,2
-64,-68,-71,-68,-67,2
-67,-64,-78,-71,-67,2
-61,-68,-76,-82,-80,2
-64,-68,-76,-70,-67,2
-64,-67,-71,-74,-78,2
-67,-65,-78,-73,-77,2
-62,-68,-71,-65,-77,2
-63,-64,-71,-85,-68,2
-63,-68,-78,-66,-78,2
-68,-64,-71,-72,-66,2
-62,-66,-70,-67,-77,2
-64,-68,-78,-76,-77,2
-62,-74,-69,-65,-67,2
-62,-69,-76,-71,-78,2
-65,-65,-77,-74,-74,2
-68,-76,-71,-65,-76,2
-64,-75,-79,-78,-80,2
-63,-75,-76,-65,-67,2
-62,-68,-79,-74,-80,2
-67,-65,-76,-65,-67,2
-62,-67,-73,-74,-81,2
-66,-65,-70,-76,-77,2
-62,-66,-78,-75,-72,2
-65,-66,-77,-84,-78,2
-68,-74,-75,-82,-67,2
-62,-68,-79,-66,-81,2
-61,-76,-71,-81,-78,2
-63,-76,-79,-65,-81,2
-68,-65,-69,-74,-77,2
-62,-74,-77,-75,-74,2
-64,-68,-78,-64,-78,2
-62,-75,-75,-86,-67,2
-64,-74,-78,-65,-77,2
-68,-68,-75,-77,-82,2
-62,-64,-70,-64,-75,2
-68,-67,-77,-75,-79,2
-63,-65,-73,-74,-72,2
-68,-74,-69,-65,-78,2
-62,-64,-78,-73,-77,2
-63,-74,-76,-65,-78,2
-68,-68,-78,-71,-68,2
-65,-67,-73,-73,-74,2
-60,-65,-69,-73,-72,2
-72,-88,-73,-62,-83,3
-70,-69,-72,-78,-79,3
-72,-74,-77,-73,-84,3
-72,-74,-79,-63,-83,3
-75,-68,-78,-59,-80,3
-71,-75,-72,-59,-84,3
-71,-74,-72,-62,-81,3
-72,-76,-76,-65,-79,3
-71,-65,-83,-70,-70,4
-71,-66,-66,-71,-80,4
-70,-64,-77,-65,-68,4
-71,-69,-66,-68,-76,4
-72,-65,-79,-66,-68,4
-71,-69,-65,-71,-76,4
-72,-66,-72,-74,-71,4
-70,-65,-82,-67,-68,4
-71,-67,-83,-73,-76,4
-71,-68,-78,-70,-69,4
-71,-69,-79,-75,-68,4
-71,-65,-78,-73,-69,4
-70,-65,-80,-72,-78,4
-69,-71,-64,-65,-68,4
-70,-65,-78,-77,-75,4
-69,-65,-65,-72,-69,4
-70,-71,-78,-75,-66,4
-71,-66,-72,-70,-70,4
-69,-64,-77,-82,-70,4
-70,-66,-65,-67,-75,4
-70,-65,-79,-77,-70,4
-69,-70,-65,-68,-70,4
-71,-69,-78,-69,-67,4
-70,-65,-80,-69,-74,4
-70,-71,-65,-65,-66,4
-71,-65,-76,-66,-76,4
-70,-68,-66,-66,-69,4
-71,-69,-78,-72,-67,4
-69,-69,-83,-70,-70,4
-70,-67,-65,-66,-73,4
-71,-65,-66,-75,-72,4
-71,-68,-78,-68,-69,4
-70,-66,-81,-69,-72,4
-70,-65,-65,-71,-76,4
-71,-67,-79,-67,-68,4
-69,-67,-66,-72,-77,4
-69,-65,-79,-79,-69,4
-70,-67,-80,-67,-68,4
-71,-65,-65,-79,-77,4
-70,-66,-80,-71,-69,4
-70,-66,-65,-75,-71,4
-70,-65,-73,-74,-70,4
-71,-64,-65,-74,-68,4
-71,-64,-74,-68,-78,4
-71,-66,-72,-67,-68,4
-72,-65,-79,-67,-68,4
-71,-68,-66,-67,-78,4
-70,-65,-78,-70,-67,4
-73,-71,-81,-64,-76,4
-73,-68,-85,-71,-67,4
-71,-66,-65,-69,-69,4
-72,-70,-75,-76,-74,4
-70,-71,-73,-66,-74,4
-72,-65,-79,-69,-69,4
-72,-67,-76,-66,-71,4
-71,-71,-75,-67,-75,4
-72,-67,-77,-66,-68,4
-72,-66,-74,-67,-69,4
-69,-67,-76,-66,-68,4
-71,-71,-74,-66,-69,4
-70,-66,-64,-69,-67,4
-72,-71,-70,-73,-68,4
-71,-68,-65,-73,-73,4
-71,-68,-76,-66,-69,4
-69,-68,-71,-69,-68,4
-72,-67,-71,-66,-68,4
-71,-68,-71,-66,-73,4
-70,-71,-66,-74,-78,4
-71,-67,-77,-66,-69,4
-71,-66,-66,-74,-77,4
-70,-67,-76,-66,-69,4
-72,-67,-71,-66,-68,4
-72,-65,-77,-66,-69,4
-70,-66,-66,-66,-69,4
-72,-65,-76,-66,-76,4
-72,-71,-66,-66,-68,4
-72,-65,-77,-76,-77,4
-71,-71,-66,-76,-69,4
-71,-68,-72,-76,-69,4
-71,-67,-76,-75,-66,4
-70,-71,-66,-68,-69,4
-72,-65,-75,-66,-68,4
-70,-65,-71,-66,-69,4
-70,-67,-77,-74,-78,4
-72,-71,-76,-66,-68,4
-72,-67,-77,-73,-78,4
-72,-66,-77,-66,-73,4
-71,-66,-71,-66,-69,4
-72,-71,-77,-65,-70,4
-71,-68,-66,-69,-70,4
-69,-68,-77,-66,-73,4
-70,-65,-66,-66,-78,4
-72,-71,-78,-66,-70,4
-69,-65,-66,-74,-78,4
-72,-68,-76,-74,-72,4
-71,-68,-75,-75,-73,4
-70,-68,-76,-72,-72,4
-71,-68,-76,-72,-74,4
-70,-71,-77,-65,-68,4
-70,-65,-75,-74,-79,4
-71,-67,-77,-66,-70,4
-72,-65,-77,-72,-78,4
-69,-70,-80,-68,-68,4
-74,-64,-77,-66,-76,4
-74,-66,-81,-74,-69,4
-70,-64,-66,-65,-76,4
-71,-64,-72,-67,-68,4
-72,-69,-72,-66,-72,4
-71,-66,-66,-69,-72,4
-74,-65,-76,-67,-68,4
-72,-71,-78,-67,-76,4
-71,-66,-66,-74,-68,4
-71,-72,-82,-68,-76,4
-70,-68,-76,-70,-72,4
-71,-67,-80,-73,-74,4
-71,-65,-66,-74,-70,4
-70,-65,-72,-79,-75,4
-70,-67,-71,-75,-71,4
-69,-68,-72,-76,-67,4
-71,-71,-81,-72,-75,4
-71,-67,-66,-71,-68,4
-70,-67,-78,-68,-70,4
-71,-68,-77,-70,-69,4
-69,-66,-71,-68,-75,4
-69,-65,-75,-76,-68,4
-70,-70,-65,-67,-67,4
-67,-66,-80,-73,-67,4
-70,-67,-78,-83,-77,4
-71,-66,-66,-69,-67,4
-71,-73,-78,-68,-75,4
-69,-67,-66,-66,-68,4
-69,-69,-77,-69,-68,4
-70,-65,-66,-64,-68,4
-71,-65,-66,-72,-71,4
-70,-69,-78,-75,-71,4
-69,-66,-76,-72,-75,4
-70,-67,-66,-71,-71,4
-71,-68,-80,-76,-75,4
-70,-66,-77,-76,-68,4
-70,-67,-77,-74,-72,4
-69,-68,-66,-71,-77,4
-69,-67,-78,-74,-69,4
-71,-67,-78,-68,-68,4
-69,-70,-66,-80,-76,4
-76,-74,-65,-75,-76,5
-62,-69,-69,-76,-68,5
-70,-75,-65,-74,-72,5
-74,-75,-69,-63,-71,5
-69,-74,-67,-63,-70,5
-66,-69,-66,-76,-74,5
-64,-81,-68,-73,-76,5
-68,-74,-66,-76,-69,5
-76,-71,-68,-76,-73,5
-68,-80,-67,-63,-67,5
-62,-81,-71,-63,-76,5
-71,-75,-68,-62,-76,5
-76,-69,-69,-68,-68,5
-63,-75,-68,-76,-71,5
-76,-67,-68,-76,-76,5
-76,-77,-68,-69,-74,5
-68,-69,-66,-62,-76,5
-63,-69,-66,-69,-73,5
-62,-81,-71,-74,-71,5
-68,-69,-65,-63,-69,5
-74,-69,-71,-63,-76,5
-76,-81,-70,-63,-69,5
-76,-69,-68,-63,-71,5
-63,-81,-65,-63,-72,5
-69,-81,-68,-62,-71,5
-70,-78,-68,-66,-69,5
-76,-74,-66,-63,-68,5
-62,-69,-66,-62,-71,5
-68,-74,-69,-63,-69,5
-76,-81,-68,-63,-71,5
-65,-69,-65,-63,-67,5
-76,-69,-68,-68,-71,5
-76,-81,-67,-62,-71,5
-67,-81,-66,-62,-73,5
-76,-69,-70,-61,-76,5
-68,-75,-67,-63,-76,5
-62,-75,-70,-62,-71,5
-76,-78,-70,-63,-75,5
-62,-69,-68,-62,-71,5
-68,-80,-71,-76,-75,5
-64,-69,-67,-76,-71,5
-62,-81,-71,-63,-71,5
-65,-75,-71,-74,-68,5
-63,-69,-66,-62,-76,5
-76,-81,-71,-74,-69,5
-64,-72,-68,-63,-70,5
-69,-74,-70,-62,-72,5
-74,-75,-68,-69,-71,5
-62,-81,-68,-62,-68,5
-68,-69,-68,-62,-69,5
-62,-75,-71,-63,-75,5
-68,-82,-68,-69,-71,5
-62,-75,-67,-62,-73,5
-74,-75,-68,-70,-70,5
-68,-73,-68,-67,-71,5
-70,-67,-66,-70,-67,5
-69,-78,-66,-63,-71,5
-63,-75,-69,-63,-68,5
-70,-71,-68,-63,-71,5
-66,-78,-66,-69,-68,5
-62,-76,-66,-63,-71,5
-68,-73,-67,-69,-74,5
-63,-81,-70,-62,-71,5
-74,-73,-66,-63,-71,5
-74,-75,-67,-76,-69,5
-68,-69,-68,-76,-71,5
-77,-75,-66,-63,-68,5
-62,-69,-68,-62,-73,5
-70,-75,-70,-65,-70,5
-72,-75,-66,-76,-69,5
-70,-75,-67,-69,-68,5
-74,-81,-71,-62,-68,5
-62,-73,-66,-62,-71,5
-68,-69,-70,-63,-68,5
-68,-75,-68,-62,-67,5
-62,-73,-68,-63,-71,5
-63,-80,-65,-63,-71,5
-65,-74,-68,-63,-71,5
-68,-75,-66,-76,-71,5
-65,-80,-69,-68,-68,5
-63,-75,-66,-62,-71,5
-68,-75,-69,-69,-68,5
-63,-70,-70,-76,-76,5
-68,-75,-70,-69,-73,5
-75,-69,-68,-63,-71,5
-62,-69,-70,-62,-73,5
-65,-73,-67,-63,-75,5
-62,-69,-70,-63,-68,5
-65,-73,-66,-63,-75,5
-68,-69,-66,-76,-72,5
-65,-75,-67,-62,-71,5
-68,-75,-67,-67,-71,5
-62,-79,-66,-76,-69,5
-76,-75,-66,-63,-69,5
-62,-81,-66,-62,-70,5
-77,-69,-66,-64,-68,5
-68,-81,-66,-63,-76,5
-76,-78,-70,-63,-75,5
-69,-71,-67,-63,-66,5
-63,-75,-66,-67,-68,5
-62,-69,-66,-63,-75,5
-66,-74,-68,-63,-68,5
-62,-67,-66,-62,-71,5
-76,-75,-68,-76,-69,5
-62,-72,-66,-67,-69,5
-76,-75,-66,-63,-71,5
-62,-81,-66,-63,-75,5
-68,-75,-66,-63,-69,5
-68,-81,-70,-74,-71,5
-62,-73,-68,-63,-71,5
-62,-74,-66,-68,-68,5
-68,-69,-66,-76,-75,5
-62,-75,-68,-63,-71,5
-68,-80,-68,-75,-72,5
-76,-68,-69,-63,-76,5
-68,-81,-68,-63,-71,5
-76,-75,-65,-76,-73,5
-66,-80,-66,-63,-71,5
-76,-75,-66,-63,-74,5
-62,-75,-66,-74,-71,5
-76,-80,-66,-63,-68,5
-62,-73,-68,-76,-70,5
-62,-80,-70,-63,-76,5
-65,-80,-70,-69,-71,5
-65,-75,-68,-63,-76,5
-76,-75,-68,-62,-76,5
-69,-75,-67,-63,-72,5
-77,-74,-68,-70,-72,5
-68,-77,-66,-76,-71,5
-63,-69,-66,-63,-76,5
-68,-73,-68,-61,-70,5
-62,-69,-68,-76,-76,5
-64,-69,-68,-62,-71,5
-65,-75,-68,-63,-73,5
-63,-69,-68,-63,-76,5
-76,-75,-66,-63,-71,5
-65,-69,-70,-62,-73,5
-69,-77,-68,-66,-68,5
-68,-75,-66,-74,-70,5
-62,-81,-67,-63,-69,5
-64,-74,-66,-62,-75,5
-68,-69,-65,-63,-71,5
-70,-73,-67,-69,-76,5
-62,-75,-68,-76,-71,5
-64,-77,-69,-67,-71,5
-65,-69,-70,-76,-73,5
-71,-72,-70,-76,-73,5
-62,-81,-65,-63,-71,5
-74,-80,-70,-63,-74,5
-74,-72,-67,-67,-71,5
-63,-81,-70,-63,-68,5
-76,-67,-66,-61,-76,5
-70,-75,-70,-69,-73,5
-64,-72,-70,-62,-70,5
-66,-75,-66,-62,-75,5
-65,-71,-66,-69,-68,5
-71,-73,-69,-62,-68,5
-70,-72,-67,-63,-69,5
-74,-75,-68,-69,-76,5
-62,-76,-68,-63,-70,5
-65,-76,-66,-69,-76,5
-69,-69,-66,-64,-68,5
-66,-76,-66,-62,-76,5
-64,-76,-68,-63,-71,5
-68,-81,-70,-63,-68,5
-62,-69,-70,-63,-70,5
-68,-81,-67,-63,-68,5
-65,-77,-67,-63,-72,5
-63,-74,-70,-61,-69,5
-72,-74,-67,-75,-68,5
-69,-73,-67,-63,-76,5
-62,-81,-69,-63,-71,5
-66,-81,-66,-72,-71,5
-65,-70,-66,-77,-70,5
-75,-77,-71,-61,-75,5
-64,-70,-68,-72,-70,5
-73,-71,-68,-68,-73,5
-65,-74,-68,-70,-69,5
-63,-78,-67,-65,-70,5
-69,-74,-68,-77,-74,5
-65,-74,-68,-73,-71,5
-63,-70,-69,-63,-72,5
-68,-79,-71,-61,-71,5
-68,-69,-69,-70,-76,5
-68,-74,-67,-63,-69,5
-76,-70,-67,-61,-69,5
-83,-75,-66,-75,-78,5
-63,-67,-70,-62,-70,5
-65,-73,-67,-63,-71,5
-70,-80,-68,-83,-68,5
-75,-83,-67,-61,-70,5
-76,-71,-72,-63,-70,5
-62,-76,-70,-66,-70,5
-76,-74,-68,-66,-69,5
-64,-79,-74,-69,-70,5
-69,-77,-73,-70,-68,5
-76,-74,-67,-65,-74,5
-84,-73,-66,-71,-73,5
-69,-73,-69,-66,-73,5
-75,-79,-69,-70,-74,5
-79,-70,-66,-71,-70,5
-63,-75,-70,-72,-73,5
-75,-68,-69,-66,-78,5
-62,-77,-71,-68,-69,5
-81,-69,-68,-65,-78,5
-62,-77,-67,-68,-70,5
-62,-75,-69,-70,-68,5
-68,-74,-69,-66,-68,5
-64,-80,-68,-66,-77,5
-72,-79,-71,-73,-69,5
-68,-71,-68,-66,-67,5
-64,-74,-69,-69,-71,5
-65,-74,-68,-69,-72,5
-63,-79,-71,-68,-78,5
-68,-69,-69,-67,-67,5
-63,-77,-69,-70,-69,5
-71,-69,-70,-66,-69,5
-66,-75,-69,-67,-74,5
-71,-74,-69,-66,-70,5
-74,-75,-68,-67,-75,5
-66,-72,-67,-69,-74,5
-64,-75,-69,-68,-69,5
-75,-75,-71,-69,-74,5
-75,-79,-69,-66,-67,5
-67,-71,-71,-68,-70,5
-63,-75,-69,-69,-77,5
-67,-75,-69,-69,-67,5
-68,-73,-68,-68,-72,5
-69,-79,-74,-63,-69,6
-67,-69,-72,-77,-69,6
-70,-76,-67,-63,-68,6
-67,-75,-72,-68,-60,6
-66,-74,-71,-62,-66,6
-66,-73,-69,-60,-67,6
-68,-74,-69,-66,-69,6
-69,-71,-74,-70,-61,6
-68,-72,-73,-66,-69,6
-71,-72,-72,-60,-59,6
-74,-73,-73,-69,-69,6
-69,-75,-64,-64,-68,6
-67,-72,-72,-62,-68,6
-70,-75,-70,-74,-59,6
-69,-72,-71,-62,-69,6
-70,-73,-67,-72,-65,6
-68,-73,-66,-66,-69,6
-70,-70,-72,-66,-68,6
-67,-70,-72,-72,-66,6
-67,-73,-66,-70,-62,6
-67,-73,-67,-70,-68,6
-69,-71,-73,-71,-69,6
-68,-72,-68,-72,-64,6
-67,-72,-69,-70,-69,6
-72,-75,-72,-71,-65,6
-70,-76,-69,-71,-60,6
-70,-75,-72,-70,-69,6
-67,-76,-67,-60,-69,6
-67,-75,-72,-74,-69,6
-67,-75,-72,-60,-69,6
-67,-76,-65,-69,-69,6
-70,-75,-72,-60,-62,6
-72,-76,-73,-69,-69,6
-70,-72,-71,-68,-69,6
-68,-72,-69,-65,-64,6
-66,-72,-71,-74,-59,6
-70,-77,-73,-73,-59,6
-67,-75,-67,-62,-69,6
-70,-76,-72,-74,-61,6
-66,-70,-69,-62,-69,6
-66,-76,-71,-69,-65,6
-68,-75,-72,-74,-69,6
-69,-77,-69,-60,-61,6
-71,-76,-67,-69,-69,6
-66,-72,-73,-61,-69,6
-72,-77,-66,-70,-69,6
-68,-73,-72,-62,-68,6
-68,-72,-67,-67,-65,6
-66,-77,-72,-74,-69,6
-72,-75,-73,-69,-61,6
-72,-76,-69,-75,-68,6
-70,-75,-71,-73,-69,6
-66,-77,-73,-62,-69,6
-68,-75,-71,-75,-61,6
-67,-77,-73,-69,-68,6
-70,-72,-71,-59,-69,6
-66,-75,-72,-69,-69,6
-70,-77,-71,-62,-69,6
-72,-75,-70,-62,-59,6
-66,-76,-67,-75,-69,6
-72,-74,-72,-68,-60,6
-66,-77,-72,-62,-69,6
-66,-76,-69,-69,-65,6
-66,-70,-73,-75,-69,6
-72,-77,-67,-69,-68,6
-70,-73,-71,-75,-69,6
-66,-77,-67,-59,-59,6
-70,-75,-71,-75,-69,6
-66,-77,-67,-67,-69,6
-70,-74,-69,-74,-69,6
-66,-74,-73,-62,-61,6
-70,-76,-72,-68,-66,6
-70,-74,-72,-71,-69,6
-72,-75,-72,-62,-61,6
-68,-70,-65,-62,-65,6
-72,-75,-71,-62,-59,6
-66,-72,-65,-60,-61,6
-68,-74,-69,-70,-61,6
-70,-77,-71,-75,-69,6
-66,-75,-70,-68,-65,6
-68,-77,-73,-69,-65,6
-70,-75,-69,-74,-69,6
-67,-77,-67,-69,-69,6
-67,-75,-72,-75,-69,6
-66,-76,-67,-62,-69,6
-68,-75,-72,-73,-60,6
-68,-76,-70,-68,-59,6
-71,-75,-72,-71,-59,6
-72,-71,-72,-67,-69,6
-67,-77,-66,-68,-68,6
-68,-77,-69,-68,-64,6
-71,-75,-68,-74,-69,6
-66,-77,-71,-69,-69,6
-72,-72,-67,-71,-69,6
-72,-77,-69,-60,-65,6
-67,-77,-72,-64,-68,6
-69,-72,-72,-60,-69,6
-70,-77,-73,-75,-69,6
-66,-75,-72,-62,-64,6
-72,-72,-73,-74,-69,6
-66,-74,-71,-62,-66,6
-70,-74,-66,-69,-61,6
-67,-74,-73,-71,-61,6
-71,-75,-71,-69,-60,6
-71,-73,-73,-71,-61,6
-72,-75,-69,-75,-60,6
-69,-71,-71,-65,-59,6
-72,-75,-65,-60,-61,6
-68,-74,-68,-74,-65,6
-66,-77,-66,-67,-69,6
-70,-75,-73,-68,-60,6
-67,-72,-67,-67,-69,6
-66,-75,-67,-71,-69,6
-72,-72,-67,-71,-65,6
-72,-75,-72,-62,-68,6
-70,-76,-71,-62,-61,6
-72,-70,-72,-75,-61,6
-72,-75,-71,-60,-69,6
-68,-73,-73,-66,-66,6
-70,-76,-71,-62,-67,6
-72,-73,-67,-69,-65,6
-66,-72,-66,-68,-69,6
-70,-77,-72,-69,-69,6
-72,-72,-71,-73,-69,6
-66,-77,-67,-62,-69,6
-70,-75,-71,-75,-69,6
-66,-75,-65,-67,-69,6
-67,-76,-72,-74,-61,6
-69,-72,-67,-64,-61,6
-72,-74,-71,-69,-69,6
-66,-73,-71,-69,-68,6
-69,-75,-67,-62,-61,6
-71,-73,-69,-71,-61,6
-72,-70,-71,-74,-69,6
-66,-70,-65,-74,-61,6
-70,-75,-65,-60,-69,6
-68,-71,-71,-74,-61,6
-71,-72,-72,-66,-65,6
-68,-72,-69,-71,-64,6
-70,-76,-67,-74,-69,6
-72,-72,-72,-62,-60,6
-69,-75,-69,-62,-60,6
-70,-72,-67,-73,-69,6
-68,-77,-66,-65,-69,6
-68,-74,-71,-68,-69,6
-72,-70,-72,-69,-69,6
-66,-76,-71,-74,-69,6
-68,-74,-68,-71,-69,6
-66,-77,-64,-69,-61,6
-70,-77,-69,-71,-60,6
-66,-75,-72,-75,-69,6
-70,-72,-67,-62,-61,6
-69,-75,-72,-68,-65,6
-70,-77,-71,-62,-69,6
-66,-72,-70,-69,-66,6
-72,-76,-71,-62,-68,6
-66,-72,-65,-62,-69,6
-71,-77,-71,-74,-61,6
-69,-74,-71,-69,-69,6
-70,-74,-67,-64,-66,6
-66,-74,-67,-62,-61,6
-70,-75,-67,-69,-61,6
-72,-70,-72,-74,-68,6
-70,-75,-72,-69,-69,6
-69,-77,-72,-70,-63,6
-68,-74,-71,-69,-62,6
-68,-73,-68,-68,-69,6
-70,-71,-66,-70,-69,6
-70,-70,-69,-66,-66,6
-68,-71,-74,-69,-68,6
-68,-74,-74,-67,-66,6
-69,-73,-69,-73,-62,6
-70,-73,-72,-60,-60,6
-69,-72,-73,-73,-65,6
-68,-74,-72,-63,-69,6
-72,-73,-71,-66,-60,6
-71,-71,-72,-62,-69,6
-69,-72,-69,-62,-64,6
-71,-74,-67,-62,-62,6
-71,-72,-70,-72,-65,6
-70,-73,-71,-66,-65,6
-68,-74,-71,-69,-68,6
-69,-68,-69,-67,-81,7
-71,-68,-68,-69,-79,7
-73,-62,-71,-70,-63,8
-65,-64,-74,-68,-63,8
-69,-64,-70,-64,-66,8
-65,-64,-69,-78,-68,8
-69,-64,-69,-70,-66,8
-72,-65,-69,-69,-67,8
-71,-64,-72,-75,-67,8
-65,-64,-70,-68,-67,8
-70,-65,-69,-75,-67,8
-70,-64,-72,-68,-67,8
-69,-63,-69,-64,-63,8
-70,-63,-71,-65,-67,8
-69,-64,-73,-73,-62,8
-70,-64,-69,-68,-67,8
-71,-66,-75,-75,-66,8
-70,-66,-69,-73,-68,8
-68,-65,-68,-75,-65,8
-67,-66,-73,-69,-67,8
-70,-64,-68,-84,-62,8
-69,-64,-70,-80,-63,8
-73,-66,-73,-74,-67,8
-68,-65,-69,-70,-62,8
-78,-65,-69,-76,-66,8
-72,-64,-68,-64,-64,8
-75,-65,-72,-63,-62,8
-67,-64,-66,-69,-63,8
-69,-66,-72,-68,-62,8
-68,-66,-76,-73,-63,8
-66,-65,-71,-72,-64,8
-69,-65,-71,-71,-65,8
-68,-65,-75,-70,-64,8
-70,-64,-67,-70,-64,8
-74,-64,-71,-78,-63,8
-65,-64,-68,-66,-67,8
-68,-63,-71,-74,-65,8
-70,-65,-69,-66,-69,8
-71,-67,-70,-75,-63,8
-66,-64,-62,-67,-70,9
-68,-80,-64,-71,-78,10
-64,-78,-65,-66,-72,10
-71,-79,-63,-67,-72,10
-67,-83,-69,-65,-71,10
-67,-83,-68,-72,-66,10
-63,-84,-63,-83,-74,10
-67,-77,-74,-65,-66,10
-64,-81,-64,-70,-67,10
-64,-81,-65,-80,-71,10
-66,-82,-73,-67,-73,10
-68,-77,-65,-67,-66,10
-65,-83,-64,-80,-72,10
-68,-79,-64,-66,-74,10
-65,-84,-64,-68,-66,10
-64,-80,-74,-67,-74,10
-71,-82,-64,-66,-70,10
-63,-77,-65,-74,-71,10
-65,-77,-63,-79,-65,10
-65,-82,-67,-70,-70,10
-67,-83,-65,-74,-68,10
-67,-74,-68,-80,-70,10
-64,-83,-62,-66,-66,10
-71,-77,-65,-66,-72,10
-66,-81,-63,-80,-74,10
-67,-79,-73,-74,-70,10
-67,-79,-72,-72,-72,10
-64,-75,-64,-67,-74,10
-64,-80,-65,-75,-67,10
-67,-79,-64,-71,-67,10
-67,-80,-65,-70,-67,10
-63,-81,-73,-65,-71,10
-65,-84,-62,-75,-67,10
-64,-78,-65,-65,-74,10
-70,-84,-64,-66,-67,10
-64,-77,-73,-66,-75,10
-64,-76,-73,-70,-71,10
-70,-80,-65,-73,-67,10
-63,-84,-72,-65,-74,10
-66,-75,-73,-66,-75,10
-64,-80,-64,-65,-73,10
-65,-81,-64,-66,-74,10
-64,-81,-64,-70,-74,10
-67,-84,-68,-75,-72,10
-64,-79,-64,-66,-72,10
-63,-77,-68,-75,-74,10
-65,-84,-63,-68,-71,10
-70,-75,-68,-66,-71,10
-65,-84,-62,-74,-67,10
-70,-76,-73,-67,-74,10
-63,-80,-64,-67,-70,10
-68,-83,-69,-74,-67,10
-64,-76,-68,-67,-72,10
-65,-76,-65,-67,-71,10
-67,-74,-64,-66,-70,10
-65,-83,-65,-66,-72,10
-70,-74,-64,-68,-67,10
-64,-83,-73,-66,-73,10
-70,-82,-73,-68,-67,10
-65,-83,-64,-75,-73,10
-70,-81,-73,-68,-67,10
-64,-81,-64,-68,-74,10
-67,-77,-64,-70,-74,10
-67,-82,-68,-70,-74,10
-65,-77,-65,-66,-70,10
-70,-84,-64,-67,-66,10
-63,-77,-63,-67,-74,10
-63,-83,-65,-66,-67,10
-65,-77,-73,-67,-74,10
-67,-79,-64,-75,-70,10
-70,-82,-65,-66,-74,10
-64,-82,-64,-67,-75,10
-70,-76,-65,-75,-67,10
-64,-81,-64,-66,-75,10
-65,-76,-65,-66,-67,10
-71,-81,-64,-66,-73,10
-65,-76,-65,-66,-67,10
-69,-76,-64,-75,-73,10
-65,-76,-65,-65,-67,10
-66,-83,-68,-69,-73,10
-64,-83,-68,-65,-73,10
-68,-71,-68,-68,-64,11
-67,-68,-77,-73,-66,11
-65,-70,-69,-65,-64,11
-67,-69,-65,-69,-63,11
-70,-68,-76,-74,-66,11
-67,-74,-69,-67,-63,11
-65,-68,-76,-74,-66,11
-67,-71,-67,-67,-62,11
-67,-68,-75,-84,-64,11
-65,-71,-69,-72,-62,11
-70,-68,-75,-67,-66,11
-65,-71,-70,-73,-62,11
-71,-67,-72,-69,-64,11
-73,-69,-62,-67,-62,11
-68,-72,-66,-83,-66,11
-64,-69,-63,-82,-67,11
-70,-69,-71,-72,-65,11
-69,-68,-64,-66,-69,11
-68,-66,-65,-69,-65,11
-68,-73,-73,-71,-65,11
-73,-68,-70,-76,-63,11
-64,-69,-72,-72,-63,11
-70,-68,-70,-69,-68,11
-66,-69,-71,-71,-66,11
-67,-71,-66,-70,-64,11
-64,-66,-63,-73,-63,11
-72,-66,-67,-67,-67,11
-68,-69,-68,-69,-64,11
-70,-67,-65,-68,-66,11
-71,-69,-72,-66,-66,11
-63,-67,-64,-67,-63,11
-74,-89,-70,-65,-65,11
-63,-66,-74,-69,-63,11
-71,-67,-65,-67,-65,11
-71,-69,-70,-66,-64,11
-71,-68,-70,-71,-63,11
-69,-89,-71,-63,-63,11
-69,-68,-69,-69,-62,11
-72,-69,-65,-64,-65,11
-65,-68,-70,-71,-64,11
-72,-68,-65,-71,-62,11
-64,-67,-67,-70,-63,11
-67,-69,-68,-64,-64,11
-70,-67,-73,-64,-67,11
-67,-68,-68,-68,-62,11
-71,-89,-73,-66,-64,11
-70,-67,-74,-69,-63,11
-64,-69,-65,-71,-65,11
-63,-67,-71,-71,-67,11
-69,-69,-65,-67,-66,11
-67,-67,-69,-69,-64,11
-72,-68,-64,-70,-66,11
-66,-88,-69,-69,-65,11
-64,-67,-62,-64,-61,11
-73,-67,-68,-69,-68,11
-64,-67,-65,-65,-63,11
-71,-90,-74,-65,-64,11
-63,-66,-72,-76,-63,11
-69,-65,-65,-67,-65,11
-70,-66,-65,-68,-66,11
-70,-67,-69,-70,-65,11
-72,-68,-69,-70,-65,11
-64,-94,-74,-73,-63,11
-71,-68,-70,-70,-67,11
-70,-67,-68,-69,-66,11
-70,-67,-65,-62,-68,11
-64,-90,-68,-69,-61,11
-64,-65,-73,-71,-68,11
-73,-90,-66,-69,-62,11
-64,-67,-73,-64,-65,11
-71,-67,-65,-69,-64,11
-67,-68,-64,-67,-62,11
-64,-66,-72,-64,-65,11
-70,-67,-65,-66,-64,11
-72,-67,-72,-70,-62,11
-71,-66,-65,-69,-68,11
-63,-75,-65,-67,-64,11
-69,-65,-73,-69,-66,11
-63,-69,-68,-64,-62,11
-70,-65,-73,-69,-66,11
-69,-69,-68,-66,-62,11
-67,-69,-68,-67,-64,11
-64,-66,-68,-69,-65,11
-64,-69,-70,-69,-65,11
-71,-69,-63,-64,-68,11
-64,-66,-64,-69,-62,11
-70,-67,-73,-64,-65,11
-64,-66,-68,-71,-62,11
-69,-90,-73,-64,-68,11
-68,-69,-73,-67,-63,11
-67,-68,-67,-66,-63,11
-64,-66,-70,-69,-64,11
-68,-69,-70,-67,-65,11
-70,-68,-74,-64,-68,11
-64,-77,-64,-64,-65,11
-71,-67,-68,-69,-66,11
-67,-69,-66,-66,-64,11
-67,-69,-70,-65,-66,11
-67,-66,-62,-66,-66,11
-64,-69,-68,-69,-66,11
-69,-67,-67,-66,-65,11
-68,-69,-66,-66,-65,11
-64,-69,-70,-71,-65,11
-71,-65,-68,-70,-65,11
-65,-84,-75,-73,-81,12
-65,-78,-76,-90,-75,12
-65,-80,-72,-74,-63,12
-66,-80,-74,-81,-75,12
-64,-83,-75,-76,-68,12
-66,-80,-74,-76,-73,12
-65,-76,-74,-75,-72,12
-64,-88,-82,-76,-66,12
-63,-91,-81,-73,-74,12
-67,-85,-87,-83,-78,12
-66,-82,-78,-77,-75,12
-66,-79,-78,-76,-63,12
-66,-79,-76,-78,-71,12
-66,-78,-71,-79,-77,12
-68,-67,-80,-68,-67,13
-62,-78,-70,-73,-70,13
-63,-67,-80,-67,-73,13
-62,-67,-71,-68,-72,13
-63,-66,-69,-67,-70,13
-62,-66,-80,-68,-71,13
-67,-79,-71,-69,-71,13
-65,-77,-70,-70,-67,13
-64,-66,-69,-68,-69,13
-63,-72,-81,-68,-67,13
-62,-75,-70,-67,-73,13
-66,-66,-80,-71,-75,13
-62,-77,-75,-68,-72,13
-64,-71,-69,-68,-69,13
-62,-65,-71,-68,-72,13
-63,-72,-70,-68,-66,13
-61,-70,-70,-69,-74,13
-62,-67,-70,-70,-71,13
-61,-76,-69,-66,-73,13
-62,-67,-85,-69,-76,13
-62,-66,-69,-80,-69,13
-64,-78,-70,-69,-68,13
-63,-72,-71,-74,-67,13
-62,-66,-80,-76,-66,13
-68,-71,-69,-69,-71,13
-63,-71,-72,-67,-70,13
-62,-68,-75,-68,-68,13
-62,-68,-73,-69,-72,13
-65,-70,-68,-71,-70,13
-62,-66,-78,-67,-68,13
-62,-70,-74,-69,-71,13
-62,-67,-80,-69,-71,13
-67,-70,-70,-69,-70,13
-61,-74,-83,-69,-72,13
-66,-67,-71,-70,-73,13
-62,-67,-71,-72,-72,13
-62,-70,-71,-71,-72,13
-66,-74,-82,-71,-73,13
-62,-67,-76,-70,-68,13
-66,-74,-80,-69,-72,13
-62,-64,-76,-70,-73,13
-63,-67,-80,-69,-70,13
-65,-66,-76,-70,-68,13
-63,-66,-78,-70,-68,13
-62,-66,-71,-70,-72,13
-62,-67,-78,-69,-68,13
-63,-74,-77,-71,-72,13
-63,-67,-71,-69,-70,13
-63,-74,-76,-73,-72,13
-63,-70,-76,-71,-69,13
-62,-74,-82,-73,-68,13
-66,-67,-77,-69,-72,13
-62,-69,-82,-71,-72,13
-62,-67,-77,-71,-72,13
-64,-70,-79,-70,-72,13
-62,-74,-82,-73,-72,13
-65,-70,-76,-71,-68,13
-63,-67,-77,-70,-72,13
-63,-70,-70,-68,-72,13
-63,-66,-82,-71,-72,13
-66,-70,-77,-69,-72,13
-64,-69,-70,-69,-69,13
-67,-67,-78,-70,-68,13
-62,-66,-71,-71,-68,13
-63,-74,-77,-70,-72,13
-67,-67,-76,-69,-72,13
-63,-66,-83,-69,-72,13
-67,-74,-76,-69,-72,13
-62,-67,-76,-69,-72,13
-67,-67,-76,-69,-72,13
-62,-70,-71,-69,-71,13
-62,-68,-77,-69,-70,13
-62,-70,-75,-69,-70,13
-67,-67,-82,-71,-72,13
-63,-75,-78,-69,-70,13
-66,-66,-71,-69,-68,13
-67,-76,-83,-70,-73,13
-62,-70,-76,-70,-72,13
-62,-72,-78,-69,-73,13
-62,-71,-78,-70,-69,13
-67,-67,-79,-70,-69,13
-62,-74,-70,-68,-71,13
-61,-67,-80,-71,-69,13
-66,-67,-70,-68,-73,13
-64,-66,-82,-70,-68,13
-62,-69,-75,-69,-68,13
-63,-74,-79,-69,-73,13
-66,-68,-85,-72,-70,13
-61,-67,-77,-68,-69,13
-63,-68,-76,-69,-68,13
-63,-68,-80,-69,-70,13
-67,-70,-77,-68,-70,13
-62,-72,-75,-68,-71,13
-64,-76,-72,-66,-67,13
-63,-66,-70,-68,-70,13
-67,-66,-75,-71,-69,13
-63,-66,-81,-77,-71,13
-67,-66,-71,-70,-73,13
-62,-68,-69,-71,-72,13
-62,-67,-79,-69,-68,13
-63,-77,-81,-72,-71,13
-62,-68,-69,-75,-72,13
-62,-67,-81,-69,-69,13
-63,-66,-68,-69,-69,13
-61,-68,-83,-72,-69,13
-66,-67,-70,-67,-70,13
-65,-66,-70,-69,-72,13
-63,-70,-75,-69,-68,13
-64,-79,-70,-70,-74,13
-62,-72,-70,-71,-69,13
-61,-72,-69,-67,-66,13
-64,-83,-71,-67,-68,13
-66,-68,-71,-68,-72,13
-63,-71,-76,-70,-74,13
-66,-83,-71,-67,-70,13
-63,-73,-79,-71,-69,13
-65,-81,-74,-69,-70,13
-67,-80,-70,-67,-71,13
-63,-66,-71,-69,-73,13
-63,-79,-80,-66,-74,13
-65,-68,-80,-68,-73,13
-64,-74,-73,-72,-72,14
-63,-72,-71,-68,-66,14
-65,-71,-73,-71,-71,14
-64,-71,-70,-70,-81,14
-64,-75,-69,-67,-82,14
-65,-71,-72,-65,-70,14
-62,-76,-71,-69,-70,14
-64,-79,-76,-73,-82,14
-64,-71,-68,-66,-69,14
-65,-72,-71,-65,-70,14
-64,-77,-78,-68,-71,14
-65,-71,-68,-69,-75,14
-64,-76,-77,-74,-68,14
-65,-70,-75,-65,-67,14
-66,-70,-72,-66,-65,14
-66,-70,-70,-66,-64,14
-63,-73,-72,-70,-70,14
-64,-69,-75,-64,-69,14
-63,-78,-71,-66,-66,14
-64,-73,-68,-66,-68,14
-65,-78,-73,-70,-65,14
-67,-71,-68,-65,-69,14
-63,-82,-75,-66,-76,14
-62,-71,-75,-67,-73,14
-64,-71,-72,-71,-65,14
-62,-70,-68,-65,-74,14
-63,-79,-71,-68,-71,14
-63,-69,-74,-71,-76,14
-65,-85,-76,-64,-69,14
-62,-71,-68,-66,-65,14
-65,-71,-72,-63,-70,14
-62,-71,-77,-68,-69,14
-64,-70,-69,-64,-65,14
-66,-71,-72,-67,-70,14
-66,-83,-76,-70,-70,14
-62,-70,-68,-66,-69,14
-66,-71,-74,-68,-70,14
-65,-69,-74,-67,-73,14
-66,-71,-81,-70,-71,14
-65,-71,-71,-64,-75,14
-62,-86,-79,-70,-70,14
-66,-71,-68,-64,-70,14
-63,-82,-80,-70,-77,14
-63,-70,-68,-66,-65,14
-65,-77,-70,-69,-65,14
-63,-70,-70,-67,-70,14
-65,-70,-72,-69,-72,14
-63,-76,-72,-68,-65,14
-65,-70,-69,-65,-65,14
-65,-71,-71,-71,-70,14
-63,-71,-73,-67,-67,14
-64,-70,-71,-69,-72,14
-64,-83,-72,-68,-68,14
-65,-71,-68,-67,-76,14
-63,-68,-78,-68,-73,14
-65,-71,-75,-66,-70,14
-66,-71,-72,-65,-70,14
-64,-71,-73,-66,-71,14
-65,-64,-77,-72,-65,15
-62,-73,-75,-64,-79,15
-66,-71,-71,-70,-66,15
-60,-74,-75,-67,-66,15
-65,-74,-70,-66,-67,15
-66,-64,-74,-66,-66,15
-64,-64,-72,-69,-70,15
-63,-72,-73,-69,-70,15
-64,-74,-73,-68,-69,15
-66,-73,-73,-66,-70,15
