Be01,Be02,Be03,Be04,Be05,Sector
-65,-71,-64,-78,-72,1
-59,-62,-60,-69,-73,1
-64,-62,-65,-69,-73,1
-64,-66,-58,-70,-71,1
-61,-66,-61,-72,-71,1
-63,-71,-58,-71,-67,1
-60,-67,-63,-72,-66,1
-72,-63,-57,-67,-66,1
-61,-70,-59,-70,-75,1
-61,-66,-59,-71,-66,1
-61,-62,-66,-67,-66,1
-70,-62,-58,-71,-77,1
-61,-62,-72,-70,-73,1
-64,-65,-67,-73,-73,1
-65,-63,-60,-70,-67,1
-61,-62,-56,-73,-73,1
-68,-62,-60,-68,-70,1
-59,-62,-65,-67,-72,1
-61,-68,-62,-67,-72,1
-58,-71,-58,-70,-70,1
-65,-62,-62,-68,-74,1
-60,-61,-64,-75,-71,1
-61,-62,-62,-68,-75,1
-59,-75,-62,-75,-73,1
-59,-62,-60,-68,-76,1
-61,-67,-58,-68,-69,1
-60,-66,-64,-77,-67,1
-59,-71,-59,-68,-73,1
-61,-63,-68,-68,-66,1
-60,-67,-59,-73,-67,1
-67,-69,-59,-67,-67,1
-63,-62,-60,-72,-65,1
-58,-62,-61,-70,-67,1
-62,-67,-59,-67,-71,1
-59,-62,-62,-67,-77,1
-57,-62,-59,-73,-67,1
-61,-67,-58,-73,-67,1
-58,-68,-59,-67,-67,1
-63,-68,-63,-67,-67,1
-64,-68,-63,-66,-70,1
-58,-62,-62,-80,-73,1
-59,-62,-65,-66,-66,1
-59,-72,-61,-77,-73,1
-58,-63,-67,-68,-75,1
-62,-77,-60,-73,-67,1
-58,-63,-66,-66,-66,1
-59,-62,-61,-72,-74,1
-62,-70,-62,-70,-71,1
-65,-62,-59,-68,-67,1
-59,-62,-61,-70,-74,1
-64,-62,-66,-67,-68,1
-59,-76,-61,-70,-75,1
-59,-63,-65,-77,-67,1
-65,-75,-59,-69,-71,1
-59,-67,-61,-71,-66,1
-58,-62,-59,-74,-68,1
-65,-75,-60,-69,-66,1
-59,-63,-65,-76,-68,1
-59,-63,-61,-66,-66,1
-61,-63,-64,-75,-74,1
-59,-77,-59,-68,-66,1
-59,-63,-62,-72,-67,1
-59,-63,-65,-66,-68,1
-59,-63,-60,-69,-67,1
-59,-61,-59,-76,-68,1
-59,-76,-61,-68,-66,1
-58,-69,-63,-72,-66,1
-65,-63,-59,-74,-74,1
-64,-78,-61,-68,-66,1
-59,-63,-66,-66,-68,1
-66,-72,-60,-66,-66,1
-59,-68,-63,-65,-68,1
-59,-62,-57,-67,-71,1
-59,-72,-63,-68,-74,1
-59,-62,-63,-67,-71,1
-59,-62,-66,-73,-75,1
-61,-63,-63,-68,-67,1
-64,-69,-62,-68,-67,1
-61,-78,-60,-72,-71,1
-59,-63,-59,-68,-65,1
-59,-62,-60,-70,-66,1
-61,-69,-59,-70,-70,1
-59,-70,-66,-74,-66,1
-63,-62,-62,-71,-66,1
-59,-63,-59,-68,-69,1
-59,-63,-66,-69,-75,1
-59,-62,-59,-68,-69,1
-59,-78,-59,-68,-66,1
-59,-63,-66,-74,-75,1
-63,-78,-60,-68,-66,1
-59,-63,-66,-74,-69,1
-62,-61,-60,-69,-66,1
-59,-62,-62,-71,-72,1
-64,-63,-66,-68,-74,1
-59,-62,-61,-74,-66,1
-59,-63,-59,-68,-74,1
-59,-78,-60,-68,-69,1
-63,-63,-66,-75,-75,1
-63,-69,-61,-69,-72,1
-59,-77,-61,-75,-69,1
-63,-63,-59,-69,-75,1
-59,-62,-60,-68,-69,1
-63,-63,-66,-69,-75,1
-59,-62,-59,-72,-66,1
-64,-63,-66,-68,-69,1
-63,-62,-59,-75,-66,1
-59,-62,-66,-69,-67,1
-61,-62,-61,-69,-69,1
-59,-76,-66,-68,-66,1
-59,-62,-60,-68,-66,1
-59,-69,-63,-72,-66,1
-61,-69,-63,-70,-66,1
-59,-77,-62,-75,-66,1
-59,-63,-65,-69,-74,1
-59,-76,-59,-68,-66,1
-61,-62,-59,-68,-70,1
-63,-62,-60,-69,-74,1
-58,-70,-63,-68,-67,1
-60,-63,-66,-68,-75,1
-59,-77,-60,-68,-69,1
-60,-63,-61,-68,-70,1
-63,-70,-69,-64,-67,2
-60,-71,-68,-80,-74,2
-68,-80,-67,-72,-73,2
-56,-66,-71,-64,-66,2
-56,-73,-76,-68,-74,2
-59,-75,-64,-78,-72,2
-66,-70,-75,-65,-77,2
-58,-65,-64,-66,-66,2
-67,-76,-70,-76,-78,2
-58,-65,-77,-68,-66,2
-57,-71,-77,-72,-69,2
-67,-65,-71,-68,-71,2
-57,-72,-70,-69,-70,2
-57,-72,-65,-80,-67,2
-54,-71,-75,-73,-74,2
-56,-66,-65,-80,-69,2
-58,-72,-72,-66,-74,2
-56,-67,-72,-68,-71,2
-56,-64,-71,-70,-76,2
-62,-72,-71,-68,-76,2
-65,-65,-70,-68,-66,2
-62,-69,-69,-76,-69,2
-62,-72,-70,-75,-70,2
-62,-68,-71,-67,-70,2
-59,-71,-62,-69,-75,2
-62,-72,-66,-69,-69,2
-65,-65,-70,-82,-66,2
-59,-71,-63,-70,-75,2
-57,-71,-68,-83,-66,2
-60,-74,-70,-70,-75,2
-59,-65,-70,-82,-71,2
-65,-74,-69,-69,-75,2
-59,-71,-71,-81,-72,2
-60,-65,-70,-68,-75,2
-56,-72,-70,-67,-72,2
-66,-68,-67,-70,-72,2
-57,-68,-63,-69,-69,2
-60,-74,-71,-79,-72,2
-63,-72,-74,-78,-76,2
-59,-71,-76,-68,-73,2
-65,-65,-64,-81,-75,2
-59,-71,-77,-69,-66,2
-60,-68,-74,-74,-75,2
-61,-68,-71,-67,-74,2
-59,-72,-64,-68,-74,2
-54,-65,-64,-67,-73,2
-59,-71,-71,-68,-74,2
-65,-62,-64,-68,-67,2
-59,-71,-72,-68,-73,2
-56,-65,-65,-68,-67,2
-58,-72,-72,-68,-74,2
-56,-71,-64,-79,-67,2
-59,-72,-72,-68,-74,2
-55,-72,-72,-79,-73,2
-54,-64,-68,-67,-67,2
-54,-68,-68,-73,-69,2
-59,-72,-64,-79,-73,2
-65,-65,-72,-68,-67,2
-65,-68,-72,-73,-73,2
-62,-68,-63,-71,-73,2
-59,-71,-71,-79,-72,2
-65,-65,-61,-68,-67,2
-58,-71,-72,-79,-73,2
-58,-69,-72,-68,-71,2
-56,-71,-69,-67,-69,2
-65,-68,-64,-73,-73,2
-58,-72,-73,-67,-73,2
-65,-65,-74,-73,-67,2
-66,-71,-74,-80,-73,2
-58,-65,-75,-63,-73,2
-66,-68,-75,-67,-67,2
-61,-67,-69,-67,-70,2
-58,-70,-64,-67,-75,2
-61,-68,-75,-74,-74,2
-58,-71,-65,-68,-75,2
-60,-68,-69,-66,-74,2
-65,-71,-64,-68,-67,2
-62,-71,-74,-68,-70,2
-58,-65,-64,-78,-74,2
-54,-71,-74,-73,-74,2
-57,-71,-64,-73,-74,2
-58,-71,-74,-67,-67,2
-58,-72,-69,-68,-74,2
-65,-65,-74,-68,-66,2
-54,-71,-64,-79,-75,2
-55,-71,-64,-68,-70,2
-56,-71,-69,-77,-74,2
-65,-66,-72,-69,-73,2
-58,-68,-74,-79,-67,2
-61,-68,-74,-68,-72,2
-61,-80,-73,-76,-71,3
-63,-71,-65,-74,-71,3
-61,-79,-73,-73,-72,3
-68,-72,-65,-76,-71,3
-62,-69,-67,-76,-71,3
-63,-74,-74,-72,-72,3
-61,-78,-65,-72,-71,3
-68,-69,-73,-73,-71,3
-61,-73,-52,-74,-65,4
-61,-73,-59,-67,-71,4
-70,-73,-56,-70,-68,4
-61,-67,-52,-74,-63,4
-61,-69,-59,-73,-75,4
-61,-67,-59,-66,-63,4
-70,-69,-53,-73,-75,4
-61,-73,-57,-73,-71,4
-61,-73,-52,-65,-71,4
-61,-73,-55,-66,-65,4
-61,-73,-55,-68,-70,4
-61,-68,-58,-65,-73,4
-70,-70,-52,-65,-75,4
-60,-74,-59,-73,-71,4
-60,-74,-58,-68,-70,4
-62,-67,-52,-65,-75,4
-60,-72,-56,-69,-73,4
-60,-67,-58,-74,-70,4
-69,-74,-52,-73,-65,4
-62,-71,-59,-66,-71,4
-69,-69,-54,-66,-68,4
-62,-74,-55,-66,-75,4
-61,-67,-54,-63,-70,4
-62,-74,-52,-66,-71,4
-69,-72,-55,-67,-65,4
-69,-70,-59,-65,-71,4
-60,-67,-52,-66,-76,4
-69,-75,-59,-65,-71,4
-60,-67,-52,-73,-75,4
-69,-68,-59,-73,-68,4
-60,-70,-57,-65,-65,4
-68,-67,-59,-73,-76,4
-64,-74,-58,-65,-71,4
-60,-67,-57,-73,-76,4
-69,-74,-59,-66,-70,4
-60,-67,-57,-73,-65,4
-69,-74,-59,-66,-70,4
-60,-67,-57,-64,-75,4
-64,-72,-56,-69,-63,4
-62,-70,-53,-73,-75,4
-60,-67,-56,-66,-65,4
-62,-70,-52,-65,-72,4
-62,-68,-57,-65,-75,4
-69,-70,-59,-67,-65,4
-60,-71,-57,-73,-71,4
-63,-69,-59,-70,-68,4
-69,-67,-57,-74,-68,4
-60,-71,-59,-65,-65,4
-69,-71,-57,-74,-75,4
-66,-67,-56,-74,-75,4
-69,-70,-52,-74,-70,4
-61,-71,-55,-66,-70,4
-64,-74,-55,-66,-68,4
-61,-72,-52,-65,-70,4
-61,-70,-59,-65,-65,4
-70,-67,-52,-67,-76,4
-61,-72,-57,-72,-65,4
-65,-74,-55,-73,-70,4
-61,-67,-57,-66,-75,4
-61,-70,-53,-63,-65,4
-61,-67,-59,-66,-75,4
-70,-71,-52,-65,-71,4
-62,-74,-57,-74,-75,4
-62,-74,-57,-74,-70,4
-61,-74,-59,-65,-75,4
-62,-74,-55,-68,-69,4
-71,-70,-58,-66,-63,4
-62,-74,-59,-65,-76,4
-64,-74,-55,-65,-73,4
-72,-67,-52,-66,-65,4
-62,-70,-59,-65,-76,4
-71,-70,-55,-69,-65,4
-62,-67,-57,-73,-71,4
-71,-70,-52,-65,-65,4
-61,-67,-58,-73,-71,4
-71,-70,-59,-65,-76,4
-60,-75,-52,-66,-71,4
-72,-70,-59,-72,-75,4
-61,-67,-57,-73,-65,4
-71,-75,-59,-63,-71,4
-61,-67,-56,-72,-71,4
-61,-75,-56,-72,-65,4
-71,-74,-52,-66,-75,4
-61,-67,-58,-73,-65,4
-61,-70,-55,-65,-68,4
-62,-67,-58,-65,-76,4
-71,-70,-60,-73,-65,4
-62,-70,-53,-73,-68,4
-61,-64,-59,-66,-75,4
-61,-73,-55,-74,-65,4
-61,-70,-55,-65,-70,4
-62,-67,-52,-65,-75,4
-61,-70,-59,-66,-65,4
-62,-70,-58,-73,-71,4
-66,-70,-57,-73,-73,4
-62,-70,-59,-65,-71,4
-71,-67,-52,-73,-75,4
-62,-75,-55,-73,-71,4
-61,-75,-58,-66,-65,4
-71,-70,-59,-74,-75,4
-61,-66,-58,-66,-65,4
-69,-69,-52,-73,-75,4
-62,-75,-58,-66,-65,4
-65,-72,-53,-74,-73,4
-71,-69,-59,-65,-75,4
-66,-67,-54,-74,-71,4
-71,-70,-52,-65,-76,4
-61,-67,-58,-66,-65,4
-64,-67,-58,-73,-70,4
-71,-75,-59,-66,-75,4
-61,-67,-58,-69,-65,4
-61,-70,-59,-65,-75,4
-71,-67,-52,-66,-71,4
-61,-70,-59,-72,-75,4
-71,-67,-52,-66,-65,4
-61,-67,-59,-65,-75,4
-61,-72,-54,-69,-65,4
-62,-68,-55,-71,-73,4
-62,-74,-59,-65,-76,4
-62,-74,-53,-71,-76,4
-70,-71,-56,-70,-65,4
-61,-72,-56,-67,-71,4
-71,-72,-56,-66,-70,4
-66,-72,-55,-70,-65,4
-61,-75,-56,-67,-77,4
-71,-68,-60,-70,-68,4
-61,-72,-52,-74,-71,4
-65,-71,-54,-71,-71,4
-65,-69,-58,-65,-71,4
-61,-69,-58,-65,-63,4
-63,-71,-58,-68,-75,4
-62,-68,-57,-68,-69,4
-63,-69,-60,-74,-64,4
-68,-70,-52,-77,-73,4
-61,-70,-56,-73,-75,4
-62,-68,-60,-69,-75,4
-62,-72,-52,-73,-65,4
-73,-69,-54,-70,-70,4
-61,-69,-60,-74,-65,4
-61,-70,-54,-71,-69,4
-71,-67,-58,-65,-65,4
-66,-73,-58,-76,-70,4
-65,-72,-57,-76,-69,4
-66,-73,-53,-68,-75,4
-59,-63,-68,-73,-72,5
-55,-77,-61,-69,-68,5
-59,-64,-68,-72,-68,5
-68,-64,-77,-71,-67,5
-60,-71,-70,-72,-69,5
-64,-80,-62,-71,-69,5
-54,-64,-68,-75,-68,5
-59,-64,-64,-72,-70,5
-55,-64,-78,-76,-71,5
-60,-64,-68,-72,-69,5
-55,-80,-78,-71,-68,5
-68,-64,-69,-75,-69,5
-68,-64,-78,-72,-68,5
-55,-80,-69,-75,-71,5
-59,-63,-73,-74,-69,5
-57,-63,-73,-71,-68,5
-57,-64,-69,-74,-68,5
-61,-71,-69,-72,-70,5
-61,-71,-61,-72,-71,5
-68,-64,-73,-76,-68,5
-59,-63,-69,-73,-68,5
-55,-63,-73,-74,-68,5
-63,-63,-61,-72,-68,5
-59,-80,-78,-77,-69,5
-67,-63,-69,-72,-71,5
-59,-64,-78,-73,-68,5
-67,-63,-69,-72,-71,5
-68,-64,-78,-76,-68,5
-59,-71,-77,-72,-71,5
-68,-63,-69,-77,-69,5
-57,-71,-69,-75,-69,5
-55,-63,-61,-73,-69,5
-68,-80,-78,-72,-68,5
-68,-63,-61,-75,-68,5
-61,-71,-69,-71,-71,5
-59,-63,-68,-71,-69,5
-55,-80,-69,-76,-69,5
-60,-63,-78,-72,-68,5
-55,-63,-65,-76,-70,5
-60,-63,-78,-72,-69,5
-59,-63,-61,-76,-71,5
-55,-64,-78,-72,-69,5
-66,-62,-61,-70,-71,5
-59,-62,-69,-76,-69,5
-68,-64,-69,-71,-69,5
-60,-72,-69,-72,-69,5
-68,-81,-61,-73,-68,5
-55,-64,-73,-72,-69,5
-59,-80,-69,-73,-69,5
-68,-63,-69,-73,-68,5
-68,-80,-69,-72,-69,5
-61,-72,-61,-74,-71,5
-55,-63,-69,-77,-69,5
-68,-80,-78,-72,-71,5
-59,-63,-61,-72,-69,5
-68,-80,-78,-72,-71,5
-59,-64,-61,-72,-69,5
-68,-63,-69,-72,-69,5
-60,-64,-69,-72,-68,5
-55,-63,-69,-73,-69,5
-59,-63,-69,-72,-66,5
-68,-63,-69,-74,-67,5
-64,-63,-61,-72,-70,5
-61,-80,-69,-72,-68,5
-59,-64,-78,-76,-71,5
-56,-63,-63,-74,-68,5
-61,-71,-69,-72,-68,5
-63,-72,-73,-72,-68,5
-59,-71,-73,-72,-70,5
-68,-63,-69,-76,-71,5
-59,-64,-61,-73,-68,5
-55,-80,-78,-77,-71,5
-64,-62,-65,-74,-68,5
-59,-62,-78,-71,-71,5
-60,-62,-69,-73,-68,5
-62,-80,-69,-72,-68,5
-68,-62,-69,-72,-69,5
-55,-69,-65,-77,-68,5
-63,-71,-69,-72,-68,5
-59,-80,-61,-74,-67,5
-55,-64,-69,-76,-68,5
-57,-63,-69,-75,-69,5
-59,-63,-78,-73,-71,5
-60,-80,-69,-75,-71,5
-55,-72,-69,-77,-69,5
-67,-63,-78,-73,-71,5
-59,-80,-69,-77,-69,5
-68,-63,-78,-73,-68,5
-60,-80,-69,-77,-68,5
-57,-72,-65,-74,-68,5
-67,-64,-61,-72,-69,5
-67,-63,-78,-77,-71,5
-67,-63,-65,-75,-70,5
-57,-63,-69,-72,-69,5
-59,-80,-78,-77,-71,5
-55,-63,-61,-71,-69,5
-59,-63,-78,-74,-68,5
-55,-81,-61,-77,-68,5
-59,-64,-77,-72,-69,5
-55,-81,-61,-77,-71,5
-67,-64,-77,-72,-69,5
-55,-81,-59,-77,-71,5
-66,-64,-68,-71,-71,5
-59,-63,-77,-71,-68,5
-56,-81,-78,-77,-71,5
-59,-64,-61,-72,-68,5
-68,-80,-69,-79,-71,5
-59,-63,-78,-73,-68,5
-55,-64,-69,-72,-71,5
-61,-62,-77,-72,-71,5
-63,-63,-69,-72,-68,5
-67,-63,-69,-77,-69,5
-52,-80,-78,-73,-71,5
-67,-63,-73,-72,-68,5
-57,-71,-69,-73,-68,5
-67,-63,-65,-72,-70,5
-59,-63,-69,-77,-70,5
-58,-71,-69,-74,-70,5
-58,-72,-69,-72,-69,5
-59,-75,-73,-72,-70,5
-59,-64,-69,-73,-70,5
-55,-80,-61,-71,-68,5
-60,-64,-69,-72,-71,5
-55,-63,-61,-72,-68,5
-59,-80,-78,-73,-69,5
-59,-64,-61,-77,-68,5
-67,-63,-78,-72,-68,5
-57,-71,-69,-75,-68,5
-61,-64,-73,-74,-68,5
-66,-72,-73,-72,-68,5
-59,-81,-61,-72,-71,5
-67,-71,-61,-77,-68,5
-67,-64,-78,-74,-68,5
-59,-80,-61,-71,-71,5
-68,-63,-78,-77,-68,5
-57,-72,-68,-77,-69,5
-63,-63,-63,-71,-69,5
-55,-69,-67,-74,-68,5
-60,-63,-78,-77,-71,5
-55,-80,-61,-73,-68,5
-60,-71,-69,-73,-70,5
-57,-64,-78,-77,-71,5
-58,-63,-69,-73,-71,5
-67,-64,-78,-77,-68,5
-59,-80,-61,-72,-71,5
-55,-63,-69,-72,-69,5
-67,-71,-69,-73,-68,5
-55,-64,-61,-75,-68,5
-60,-64,-65,-73,-68,5
-60,-74,-69,-73,-69,5
-60,-63,-61,-74,-68,5
-55,-64,-69,-77,-68,5
-59,-80,-78,-73,-71,5
-55,-64,-61,-77,-68,5
-60,-81,-78,-73,-69,5
-55,-64,-69,-77,-68,5
-66,-80,-61,-73,-69,5
-55,-64,-77,-72,-71,5
-66,-81,-61,-73,-69,5
-59,-63,-77,-77,-71,5
-59,-63,-69,-77,-68,5
-55,-64,-78,-72,-68,5
-68,-81,-61,-71,-71,5
-67,-63,-68,-73,-69,5
-59,-81,-77,-74,-68,5
-55,-64,-69,-73,-69,5
-67,-64,-78,-77,-71,5
-59,-63,-61,-73,-69,5
-66,-64,-78,-72,-70,5
-61,-64,-65,-74,-70,5
-59,-71,-65,-74,-69,5
-67,-62,-61,-72,-71,5
-59,-71,-65,-73,-69,5
-68,-64,-77,-72,-67,5
-63,-64,-61,-75,-69,5
-67,-64,-69,-73,-68,5
-57,-63,-69,-72,-69,5
-67,-72,-78,-73,-68,5
-57,-63,-69,-77,-68,5
-57,-64,-78,-72,-68,5
-60,-63,-69,-77,-71,5
-67,-81,-69,-72,-69,5
-55,-63,-78,-77,-71,5
-67,-80,-69,-78,-69,5
-58,-72,-69,-73,-70,5
-59,-64,-78,-78,-71,5
-57,-64,-61,-77,-71,5
-63,-72,-69,-73,-71,5
-67,-81,-78,-73,-69,5
-59,-72,-69,-73,-71,5
-55,-63,-69,-79,-69,5
-58,-64,-73,-77,-68,5
-57,-72,-69,-70,-68,5
-59,-63,-61,-77,-68,5
-55,-63,-69,-72,-69,5
-59,-64,-60,-77,-68,5
-67,-80,-77,-74,-69,5
-67,-63,-61,-73,-69,5
-59,-64,-77,-77,-72,5
-55,-63,-61,-72,-68,5
-59,-63,-77,-74,-70,5
-57,-63,-65,-74,-69,5
-63,-63,-69,-73,-68,5
-55,-79,-78,-77,-71,5
-59,-63,-61,-72,-68,5
-61,-63,-69,-78,-70,5
-59,-80,-78,-77,-71,5
-55,-64,-61,-71,-68,5
-63,-71,-73,-75,-68,5
-67,-79,-69,-75,-71,5
-55,-63,-61,-74,-70,5
-67,-64,-69,-77,-68,5
-67,-71,-69,-73,-68,5
-67,-79,-78,-76,-69,5
-60,-64,-61,-72,-71,5
-67,-79,-78,-77,-69,5
-59,-63,-65,-77,-69,5
-55,-64,-61,-72,-68,5
-66,-79,-78,-77,-69,5
-60,-64,-61,-72,-71,5
-67,-79,-78,-77,-68,5
-55,-64,-61,-74,-71,5
-60,-63,-69,-73,-69,5
-55,-64,-78,-72,-69,5
-60,-79,-61,-73,-71,5
-57,-64,-68,-78,-69,5
-67,-64,-61,-72,-71,5
-55,-64,-77,-71,-69,5
-67,-72,-77,-65,-67,6
-66,-67,-71,-62,-68,6
-60,-69,-69,-65,-68,6
-64,-72,-75,-65,-81,6
-61,-68,-71,-63,-72,6
-68,-72,-66,-60,-68,6
-63,-68,-73,-62,-66,6
-73,-71,-70,-64,-67,6
-65,-76,-63,-60,-76,6
-68,-74,-71,-64,-68,6
-67,-65,-66,-62,-79,6
-75,-67,-68,-63,-73,6
-69,-74,-68,-61,-68,6
-65,-65,-69,-67,-69,6
-66,-78,-74,-63,-81,6
-68,-69,-74,-64,-68,6
-69,-63,-73,-66,-81,6
-67,-78,-69,-62,-71,6
-70,-65,-76,-68,-78,6
-67,-76,-68,-62,-69,6
-66,-69,-73,-64,-69,6
-69,-70,-77,-64,-65,6
-72,-66,-75,-63,-75,6
-67,-74,-74,-60,-66,6
-67,-69,-73,-63,-73,6
-60,-71,-76,-64,-70,6
-61,-65,-68,-61,-67,6
-62,-70,-67,-65,-70,6
-63,-66,-72,-61,-77,6
-61,-71,-71,-66,-69,6
-65,-65,-65,-65,-77,6
-62,-69,-69,-60,-69,6
-63,-69,-75,-64,-68,6
-62,-76,-70,-65,-65,6
-63,-64,-76,-63,-67,6
-63,-73,-74,-68,-74,6
-62,-68,-74,-63,-71,6
-59,-71,-74,-66,-67,6
-62,-69,-74,-64,-75,6
-60,-72,-75,-69,-68,6
-64,-71,-69,-61,-66,6
-61,-70,-76,-67,-67,6
-63,-69,-69,-62,-77,6
-59,-72,-70,-63,-69,6
-61,-69,-69,-67,-74,6
-61,-65,-72,-63,-69,6
-60,-69,-71,-67,-75,6
-61,-71,-85,-64,-65,6
-61,-68,-76,-64,-66,6
-60,-70,-80,-65,-68,6
-61,-71,-74,-63,-76,6
-60,-69,-75,-65,-66,6
-59,-68,-77,-63,-68,6
-60,-70,-77,-64,-66,6
-60,-71,-75,-60,-72,6
-60,-69,-70,-65,-67,6
-59,-66,-68,-65,-68,6
-60,-72,-71,-63,-66,6
-61,-68,-73,-66,-71,6
-60,-71,-74,-64,-67,6
-63,-68,-73,-65,-67,6
-62,-72,-70,-65,-74,6
-62,-67,-75,-63,-70,6
-65,-67,-73,-65,-71,6
-64,-68,-78,-66,-71,6
-59,-65,-84,-60,-67,6
-64,-70,-81,-65,-73,6
-61,-66,-74,-65,-67,6
-63,-69,-84,-66,-75,6
-66,-67,-71,-64,-72,6
-62,-65,-69,-67,-68,6
-69,-71,-68,-65,-79,6
-66,-65,-68,-61,-66,6
-70,-67,-74,-59,-73,6
-75,-68,-67,-61,-72,6
-64,-69,-70,-64,-75,6
-65,-70,-70,-60,-69,6
-65,-70,-76,-65,-67,6
-63,-71,-71,-64,-68,6
-62,-72,-83,-65,-77,6
-64,-68,-72,-67,-67,6
-61,-68,-66,-61,-69,6
-60,-67,-69,-63,-68,6
-60,-68,-68,-63,-67,6
-61,-71,-69,-65,-69,6
-60,-65,-69,-65,-68,6
-62,-73,-68,-66,-69,6
-60,-69,-70,-63,-70,6
-60,-68,-67,-61,-67,6
-60,-67,-70,-65,-67,6
-59,-68,-66,-67,-74,6
-60,-67,-70,-61,-75,6
-60,-68,-73,-63,-66,6
-61,-67,-71,-61,-69,6
-61,-67,-72,-67,-68,6
-61,-67,-66,-62,-71,6
-62,-71,-68,-62,-67,6
-60,-65,-73,-66,-70,6
-59,-71,-67,-61,-71,6
-62,-74,-73,-65,-70,6
-61,-67,-69,-67,-75,6
-60,-76,-70,-64,-67,6
-60,-65,-69,-62,-74,6
-61,-73,-74,-62,-68,6
-60,-66,-68,-64,-76,6
-64,-72,-73,-63,-67,6
-60,-66,-70,-64,-69,6
-63,-75,-70,-62,-69,6
-60,-65,-72,-65,-75,6
-62,-72,-69,-62,-69,6
-60,-71,-72,-64,-74,6
-60,-71,-70,-61,-67,6
-60,-66,-73,-65,-74,6
-62,-70,-69,-62,-68,6
-59,-70,-70,-64,-73,6
-60,-66,-70,-65,-68,6
-60,-70,-71,-64,-68,6
-60,-66,-71,-66,-67,6
-62,-70,-67,-64,-71,6
-61,-67,-69,-65,-67,6
-60,-71,-68,-60,-73,6
-60,-71,-72,-61,-71,6
-62,-68,-71,-66,-71,6
-60,-66,-71,-65,-67,6
-59,-72,-73,-61,-69,6
-59,-73,-69,-66,-67,6
-61,-72,-68,-65,-67,6
-60,-73,-73,-65,-68,6
-62,-70,-69,-65,-68,6
-60,-68,-69,-64,-68,6
-63,-65,-72,-65,-75,6
-62,-72,-70,-65,-69,6
-61,-72,-68,-65,-75,6
-62,-73,-70,-61,-67,6
-60,-71,-70,-63,-71,6
-58,-71,-69,-66,-68,6
-60,-73,-70,-61,-69,6
-59,-70,-69,-66,-67,6
-60,-71,-69,-61,-75,6
-59,-73,-69,-61,-67,6
-60,-65,-73,-65,-75,6
-61,-73,-69,-65,-68,6
-60,-70,-70,-65,-75,6
-60,-71,-72,-65,-71,6
-60,-71,-71,-63,-67,6
-61,-73,-73,-65,-67,6
-60,-71,-71,-63,-69,6
-59,-71,-72,-65,-71,6
-59,-73,-72,-60,-75,6
-60,-70,-72,-62,-75,6
-60,-73,-68,-65,-69,6
-60,-69,-72,-63,-69,6
-61,-71,-72,-61,-68,6
-59,-73,-69,-65,-75,6
-60,-71,-72,-64,-68,6
-59,-71,-70,-65,-75,6
-60,-65,-72,-62,-66,6
-60,-70,-69,-66,-69,6
-60,-65,-71,-64,-68,6
-60,-72,-72,-62,-67,6
-61,-65,-73,-65,-71,6
-60,-72,-72,-61,-67,6
-61,-65,-70,-66,-68,6
-59,-72,-70,-61,-67,6
-59,-68,-70,-61,-69,6
-61,-71,-71,-65,-74,6
-61,-72,-70,-66,-67,6
-60,-65,-71,-62,-75,6
-61,-69,-71,-64,-67,6
-59,-71,-70,-66,-68,6
-60,-68,-71,-62,-75,6
-60,-72,-70,-64,-68,6
-60,-70,-73,-65,-71,6
-60,-71,-71,-65,-69,6
-60,-72,-71,-63,-71,6
-60,-66,-73,-61,-67,6
-61,-72,-72,-65,-69,6
-60,-66,-70,-61,-67,6
-60,-71,-72,-65,-69,6
-60,-71,-72,-65,-75,6
-60,-66,-72,-65,-69,6
-60,-65,-70,-65,-68,6
-67,-75,-76,-78,-78,7
-64,-79,-59,-73,-83,7
-59,-75,-63,-71,-69,8
-58,-82,-62,-75,-69,8
-68,-78,-61,-77,-70,8
-62,-86,-61,-71,-74,8
-58,-81,-63,-70,-68,8
-63,-75,-63,-74,-71,8
-62,-77,-59,-78,-74,8
-69,-77,-60,-70,-71,8
-58,-77,-61,-77,-69,8
-61,-77,-59,-68,-76,8
-57,-76,-64,-77,-69,8
-57,-80,-63,-70,-69,8
-61,-79,-64,-71,-69,8
-58,-78,-63,-73,-76,8
-71,-84,-63,-78,-70,8
-57,-78,-62,-70,-75,8
-58,-91,-62,-76,-68,8
-60,-79,-63,-84,-69,8
-68,-80,-62,-77,-76,8
-58,-86,-62,-80,-70,8
-63,-83,-62,-71,-72,8
-62,-85,-62,-77,-75,8
-64,-79,-63,-76,-69,8
-57,-77,-62,-77,-71,8
-58,-78,-62,-71,-69,8
-61,-81,-61,-80,-71,8
-58,-82,-62,-71,-74,8
-60,-79,-62,-71,-69,8
-61,-78,-61,-77,-69,8
-65,-77,-62,-83,-69,8
-71,-80,-61,-76,-70,8
-65,-83,-62,-70,-70,8
-58,-79,-61,-77,-68,8
-57,-77,-62,-86,-72,8
-58,-88,-62,-70,-70,8
-58,-78,-59,-84,-74,8
-61,-78,-62,-70,-70,8
-58,-72,-63,-77,-76,9
-54,-69,-61,-78,-70,10
-52,-87,-65,-84,-67,10
-62,-69,-59,-82,-67,10
-54,-74,-59,-78,-72,10
-58,-81,-57,-78,-70,10
-54,-77,-59,-81,-71,10
-63,-76,-71,-82,-68,10
-60,-73,-59,-78,-66,10
-52,-77,-71,-86,-66,10
-62,-69,-59,-80,-77,10
-52,-76,-70,-79,-68,10
-62,-69,-59,-79,-77,10
-59,-77,-70,-85,-68,10
-63,-78,-59,-79,-66,10
-58,-69,-65,-84,-65,10
-63,-77,-66,-83,-68,10
-59,-77,-67,-76,-66,10
-52,-68,-69,-79,-77,10
-54,-78,-64,-80,-66,10
-59,-80,-66,-82,-66,10
-60,-73,-59,-79,-65,10
-56,-76,-59,-77,-72,10
-59,-76,-61,-76,-70,10
-60,-73,-63,-76,-66,10
-60,-76,-60,-76,-67,10
-57,-77,-60,-76,-65,10
-60,-74,-66,-76,-66,10
-55,-72,-61,-75,-70,10
-62,-70,-68,-75,-68,10
-56,-76,-59,-76,-77,10
-62,-70,-68,-75,-68,10
-56,-76,-64,-76,-68,10
-62,-70,-68,-76,-65,10
-56,-72,-69,-76,-68,10
-58,-76,-64,-75,-77,10
-52,-70,-69,-76,-75,10
-58,-76,-64,-75,-66,10
-52,-73,-66,-75,-76,10
-55,-76,-66,-76,-66,10
-51,-70,-59,-75,-65,10
-56,-73,-64,-76,-71,10
-51,-73,-66,-76,-67,10
-57,-74,-63,-76,-67,10
-57,-77,-61,-75,-65,10
-52,-70,-69,-76,-76,10
-55,-73,-68,-76,-65,10
-62,-76,-64,-76,-76,10
-52,-77,-69,-76,-65,10
-52,-76,-61,-76,-65,10
-54,-73,-62,-76,-69,10
-52,-77,-66,-76,-66,10
-57,-77,-59,-75,-77,10
-57,-76,-59,-76,-68,10
-52,-77,-69,-75,-77,10
-62,-70,-64,-76,-68,10
-58,-76,-68,-75,-76,10
-60,-74,-59,-75,-72,10
-62,-70,-64,-75,-72,10
-51,-77,-59,-76,-65,10
-55,-69,-61,-76,-65,10
-62,-69,-69,-76,-77,10
-52,-76,-59,-76,-68,10
-52,-73,-64,-76,-77,10
-57,-70,-59,-76,-66,10
-62,-76,-64,-75,-76,10
-54,-70,-65,-75,-70,10
-55,-76,-62,-76,-71,10
-62,-70,-69,-75,-72,10
-55,-76,-66,-76,-72,10
-57,-76,-66,-75,-65,10
-52,-77,-66,-76,-70,10
-59,-76,-66,-76,-67,10
-57,-76,-61,-76,-66,10
-54,-76,-64,-75,-66,10
-58,-76,-62,-75,-66,10
-54,-73,-60,-76,-72,10
-60,-77,-63,-76,-72,10
-60,-73,-60,-75,-66,10
-56,-73,-63,-74,-66,10
-51,-70,-60,-74,-73,10
-68,-69,-63,-73,-68,11
-62,-69,-63,-73,-68,11
-66,-70,-65,-72,-66,11
-52,-70,-63,-71,-65,11
-65,-71,-66,-74,-72,11
-51,-70,-60,-71,-67,11
-68,-70,-66,-72,-64,11
-66,-72,-67,-73,-67,11
-66,-72,-61,-73,-68,11
-51,-68,-63,-71,-65,11
-62,-69,-63,-71,-64,11
-54,-67,-63,-69,-65,11
-51,-68,-62,-72,-65,11
-67,-67,-65,-73,-71,11
-65,-73,-61,-71,-65,11
-54,-69,-61,-71,-68,11
-51,-69,-65,-74,-67,11
-58,-72,-60,-72,-71,11
-58,-71,-64,-71,-71,11
-51,-68,-65,-72,-66,11
-57,-73,-64,-74,-71,11
-51,-69,-65,-73,-65,11
-58,-73,-63,-73,-72,11
-57,-69,-63,-72,-65,11
-58,-70,-60,-72,-71,11
-51,-73,-63,-72,-65,11
-58,-71,-60,-71,-71,11
-51,-73,-63,-73,-65,11
-58,-71,-61,-71,-71,11
-51,-69,-66,-71,-65,11
-58,-71,-62,-71,-67,11
-66,-70,-61,-72,-65,11
-54,-70,-66,-72,-65,11
-58,-69,-64,-71,-67,11
-51,-72,-66,-72,-65,11
-58,-69,-62,-72,-65,11
-54,-70,-63,-73,-67,11
-58,-70,-66,-71,-65,11
-66,-69,-61,-71,-71,11
-66,-71,-64,-71,-65,11
-66,-71,-62,-71,-67,11
-57,-70,-62,-72,-68,11
-51,-71,-63,-73,-71,11
-58,-71,-64,-72,-65,11
-54,-72,-62,-72,-68,11
-51,-73,-60,-71,-71,11
-58,-71,-63,-72,-67,11
-58,-71,-62,-71,-69,11
-66,-72,-65,-72,-65,11
-55,-70,-63,-71,-65,11
-54,-71,-64,-71,-65,11
-58,-70,-64,-71,-71,11
-54,-70,-63,-72,-67,11
-58,-71,-60,-72,-66,11
-58,-69,-65,-70,-71,11
-51,-73,-60,-71,-66,11
-58,-69,-63,-70,-71,11
-51,-70,-60,-72,-67,11
-51,-72,-65,-72,-69,11
-57,-70,-59,-71,-71,11
-65,-70,-64,-73,-72,11
-57,-73,-65,-72,-65,11
-67,-70,-60,-71,-71,11
-57,-73,-64,-72,-65,11
-58,-70,-61,-72,-65,11
-66,-69,-65,-71,-67,11
-51,-72,-64,-72,-65,11
-62,-72,-60,-71,-67,11
-65,-69,-64,-72,-71,11
-58,-70,-60,-71,-65,11
-54,-69,-63,-71,-68,11
-51,-72,-66,-72,-66,11
-58,-71,-63,-71,-65,11
-66,-71,-60,-71,-67,11
-54,-72,-63,-72,-67,11
-58,-69,-63,-74,-65,11
-51,-71,-60,-72,-71,11
-58,-69,-66,-72,-65,11
-58,-72,-63,-71,-64,11
-61,-69,-65,-74,-71,11
-66,-71,-60,-71,-65,11
-66,-70,-66,-72,-65,11
-51,-69,-64,-74,-71,11
-58,-70,-62,-74,-67,11
-61,-70,-64,-71,-69,11
-61,-70,-64,-72,-66,11
-54,-69,-63,-74,-68,11
-54,-71,-63,-71,-68,11
-51,-69,-60,-74,-67,11
-65,-72,-65,-71,-71,11
-51,-69,-64,-72,-67,11
-58,-69,-65,-71,-71,11
-58,-69,-64,-72,-67,11
-58,-69,-61,-72,-71,11
-51,-70,-63,-71,-67,11
-54,-69,-63,-71,-69,11
-65,-72,-60,-72,-71,11
-65,-69,-62,-72,-68,11
-51,-72,-65,-73,-65,11
-66,-68,-61,-74,-71,11
-58,-72,-65,-72,-66,11
-66,-68,-60,-72,-72,11
-65,-69,-63,-71,-66,11
-58,-70,-66,-70,-66,11
-59,-77,-74,-73,-69,12
-53,-76,-75,-76,-69,12
-59,-77,-69,-68,-70,12
-59,-76,-75,-76,-69,12
-59,-77,-81,-81,-68,12
-52,-75,-73,-69,-70,12
-56,-75,-79,-69,-70,12
-55,-77,-68,-71,-69,12
-55,-74,-70,-77,-69,12
-58,-78,-70,-77,-69,12
-52,-77,-73,-77,-69,12
-59,-77,-75,-68,-71,12
-61,-77,-70,-69,-68,12
-53,-75,-69,-72,-70,12
-61,-72,-64,-78,-72,13
-71,-75,-66,-83,-72,13
-67,-77,-67,-83,-72,13
-62,-74,-66,-84,-74,13
-73,-74,-64,-77,-71,13
-62,-74,-67,-84,-72,13
-74,-73,-67,-77,-72,13
-61,-75,-65,-81,-72,13
-70,-72,-66,-79,-75,13
-79,-72,-67,-83,-71,13
-62,-74,-66,-78,-72,13
-74,-73,-64,-81,-72,13
-67,-75,-67,-79,-72,13
-73,-75,-66,-85,-73,13
-68,-71,-62,-80,-74,13
-65,-74,-66,-81,-71,13
-61,-72,-63,-81,-74,13
-67,-73,-64,-81,-71,13
-71,-73,-66,-79,-71,13
-69,-74,-65,-84,-72,13
-61,-74,-66,-77,-72,13
-62,-74,-64,-79,-72,13
-61,-75,-66,-78,-75,13
-61,-75,-63,-78,-71,13
-74,-74,-66,-78,-74,13
-61,-73,-65,-85,-72,13
-59,-74,-65,-83,-72,13
-67,-74,-64,-80,-72,13
-61,-74,-67,-81,-71,13
-66,-75,-64,-78,-72,13
-74,-73,-66,-81,-71,13
-61,-75,-67,-80,-71,13
-62,-73,-67,-83,-71,13
-61,-72,-66,-80,-71,13
-68,-75,-63,-79,-71,13
-67,-73,-64,-82,-71,13
-61,-73,-66,-81,-74,13
-62,-74,-63,-81,-71,13
-61,-75,-65,-81,-71,13
-68,-74,-63,-80,-71,13
-74,-74,-66,-80,-74,13
-62,-75,-62,-81,-72,13
-61,-74,-67,-81,-72,13
-74,-75,-62,-80,-71,13
-62,-74,-66,-81,-73,13
-61,-75,-63,-80,-71,13
-62,-74,-63,-81,-73,13
-74,-74,-63,-81,-72,13
-66,-74,-65,-81,-71,13
-61,-74,-65,-82,-72,13
-61,-74,-63,-81,-74,13
-60,-74,-63,-81,-71,13
-72,-75,-67,-81,-74,13
-62,-75,-63,-80,-71,13
-74,-75,-67,-82,-71,13
-60,-74,-63,-80,-72,13
-61,-74,-63,-81,-71,13
-74,-74,-66,-82,-74,13
-61,-75,-67,-80,-71,13
-66,-74,-64,-81,-72,13
-61,-75,-63,-80,-71,13
-61,-75,-64,-80,-74,13
-62,-73,-62,-81,-73,13
-61,-72,-67,-81,-71,13
-62,-75,-67,-81,-74,13
-61,-74,-63,-80,-71,13
-73,-75,-67,-80,-71,13
-74,-74,-64,-80,-71,13
-62,-74,-62,-79,-74,13
-73,-75,-66,-81,-72,13
-61,-74,-64,-80,-74,13
-74,-75,-68,-79,-72,13
-61,-74,-64,-80,-73,13
-62,-75,-66,-80,-72,13
-74,-74,-66,-81,-72,13
-74,-74,-64,-80,-71,13
-62,-75,-67,-81,-75,13
-61,-74,-66,-80,-71,13
-62,-75,-67,-79,-75,13
-61,-74,-67,-80,-74,13
-62,-74,-66,-79,-72,13
-74,-75,-67,-80,-74,13
-62,-74,-63,-78,-72,13
-67,-74,-66,-79,-72,13
-61,-75,-67,-79,-74,13
-62,-74,-63,-80,-71,13
-61,-74,-67,-79,-74,13
-62,-75,-63,-80,-71,13
-66,-74,-65,-81,-71,13
-61,-74,-67,-79,-71,13
-62,-74,-65,-81,-74,13
-62,-75,-67,-79,-71,13
-60,-75,-66,-81,-72,13
-61,-75,-67,-79,-74,13
-74,-74,-66,-80,-71,13
-61,-74,-65,-81,-73,13
-61,-73,-62,-79,-71,13
-64,-74,-66,-81,-74,13
-67,-74,-63,-81,-75,13
-62,-75,-68,-80,-72,13
-62,-74,-66,-79,-74,13
-61,-74,-65,-82,-72,13
-67,-74,-66,-79,-74,13
-61,-74,-64,-82,-72,13
-61,-74,-65,-80,-74,13
-62,-75,-63,-81,-71,13
-74,-75,-67,-81,-75,13
-74,-75,-64,-80,-72,13
-62,-74,-66,-79,-74,13
-74,-74,-63,-81,-70,13
-62,-74,-66,-81,-72,13
-61,-74,-66,-79,-74,13
-62,-75,-67,-81,-71,13
-61,-73,-66,-79,-75,13
-62,-75,-67,-81,-71,13
-73,-74,-66,-79,-72,13
-68,-74,-66,-79,-72,13
-65,-75,-65,-80,-72,13
-67,-73,-64,-81,-71,13
-61,-74,-66,-81,-74,13
-62,-74,-66,-79,-72,13
-59,-68,-62,-73,-73,14
-57,-81,-65,-74,-69,14
-59,-70,-63,-72,-70,14
-58,-69,-62,-72,-73,14
-59,-75,-62,-72,-70,14
-59,-75,-60,-70,-77,14
-58,-68,-61,-72,-69,14
-58,-68,-63,-72,-68,14
-58,-80,-61,-71,-73,14
-58,-75,-63,-71,-77,14
-59,-79,-63,-73,-80,14
-58,-75,-60,-72,-68,14
-58,-69,-62,-72,-77,14
-58,-80,-60,-74,-72,14
-58,-74,-67,-74,-82,14
-58,-81,-60,-72,-69,14
-58,-72,-65,-72,-72,14
-59,-72,-65,-74,-73,14
-58,-80,-60,-73,-69,14
-58,-75,-60,-74,-70,14
-58,-77,-62,-71,-77,14
-58,-68,-61,-72,-68,14
-59,-75,-62,-74,-72,14
-59,-69,-63,-72,-77,14
-59,-74,-69,-73,-69,14
-59,-68,-63,-72,-76,14
-59,-74,-69,-74,-72,14
-58,-72,-61,-73,-71,14
-57,-68,-60,-72,-68,14
-57,-79,-64,-71,-77,14
-58,-75,-61,-71,-73,14
-59,-68,-62,-72,-72,14
-58,-74,-68,-74,-71,14
-60,-69,-60,-74,-69,14
-58,-79,-63,-74,-77,14
-59,-74,-61,-73,-69,14
-58,-80,-62,-73,-78,14
-58,-73,-66,-74,-71,14
-58,-69,-61,-72,-78,14
-59,-74,-68,-75,-68,14
-58,-69,-61,-73,-76,14
-59,-75,-64,-72,-68,14
-58,-68,-61,-72,-77,14
-58,-69,-62,-72,-70,14
-58,-68,-63,-74,-71,14
-59,-79,-66,-74,-77,14
-59,-69,-59,-73,-71,14
-58,-71,-64,-73,-71,14
-59,-75,-63,-74,-78,14
-59,-80,-60,-74,-69,14
-58,-69,-67,-74,-77,14
-58,-79,-60,-74,-71,14
-59,-74,-64,-73,-77,14
-59,-79,-61,-74,-68,14
-59,-75,-63,-73,-69,14
-59,-71,-63,-73,-71,14
-58,-69,-62,-72,-77,14
-59,-69,-62,-73,-73,14
-62,-73,-70,-75,-66,15
-59,-71,-68,-70,-80,15
-61,-81,-69,-73,-68,15
-59,-72,-69,-71,-81,15
-62,-80,-71,-74,-68,15
-59,-78,-67,-73,-73,15
-58,-78,-65,-74,-74,15
-63,-74,-68,-71,-83,15
-59,-72,-68,-72,-67,15
-64,-76,-69,-71,-79,15
