Be01,Be02,Be03,Be04,Be05,Sector
-62,-57,-66,-76,-79,1
-63,-52,-65,-65,-76,1
-60,-64,-67,-69,-71,1
-60,-57,-64,-69,-76,1
-59,-56,-67,-65,-70,1
-63,-76,-63,-71,-75,1
-62,-56,-64,-66,-72,1
-63,-63,-65,-64,-74,1
-61,-55,-71,-63,-74,1
-58,-69,-66,-74,-78,1
-65,-54,-70,-65,-68,1
-59,-56,-63,-72,-73,1
-64,-54,-65,-65,-74,1
-60,-54,-66,-65,-74,1
-62,-70,-64,-65,-69,1
-65,-72,-65,-65,-75,1
-62,-57,-62,-68,-73,1
-62,-53,-69,-66,-74,1
-76,-71,-59,-66,-69,1
-58,-52,-62,-65,-69,1
-64,-54,-60,-65,-71,1
-69,-54,-60,-71,-74,1
-59,-55,-65,-65,-73,1
-70,-73,-67,-64,-71,1
-59,-71,-66,-66,-67,1
-65,-54,-61,-65,-72,1
-58,-66,-66,-68,-73,1
-61,-62,-65,-63,-74,1
-61,-57,-64,-66,-72,1
-62,-61,-65,-64,-75,1
-60,-56,-66,-74,-69,1
-63,-57,-64,-64,-79,1
-60,-69,-66,-78,-68,1
-62,-55,-65,-64,-77,1
-60,-56,-65,-80,-68,1
-65,-55,-66,-65,-77,1
-63,-62,-66,-66,-78,1
-64,-55,-65,-65,-78,1
-65,-63,-66,-64,-75,1
-59,-73,-65,-74,-69,1
-62,-56,-63,-63,-79,1
-62,-64,-64,-65,-72,1
-62,-66,-67,-73,-72,1
-61,-57,-61,-65,-71,1
-62,-57,-63,-69,-73,1
-58,-72,-57,-63,-76,1
-59,-57,-66,-66,-70,1
-65,-54,-54,-68,-76,1
-61,-68,-66,-70,-75,1
-56,-55,-59,-63,-76,1
-59,-55,-65,-70,-68,1
-77,-57,-62,-65,-69,1
-54,-55,-68,-65,-74,1
-56,-79,-75,-64,-69,1
-54,-54,-60,-66,-68,1
-57,-73,-68,-73,-75,1
-70,-56,-69,-64,-75,1
-58,-79,-71,-77,-76,1
-54,-62,-80,-64,-77,1
-66,-54,-64,-74,-77,1
-65,-78,-82,-69,-70,1
-57,-76,-77,-68,-68,1
-71,-55,-64,-64,-72,1
-59,-55,-73,-74,-74,1
-68,-57,-58,-67,-71,1
-58,-55,-68,-72,-68,1
-61,-56,-71,-66,-71,1
-61,-54,-70,-65,-74,1
-69,-57,-65,-65,-72,1
-54,-57,-62,-72,-72,1
-55,-74,-59,-66,-69,1
-61,-60,-58,-64,-75,1
-55,-73,-77,-65,-72,1
-62,-57,-60,-64,-72,1
-57,-70,-62,-63,-73,1
-55,-56,-59,-63,-72,1
-69,-54,-79,-62,-72,1
-64,-56,-59,-63,-72,1
-55,-71,-59,-64,-74,1
-66,-73,-59,-77,-67,1
-70,-55,-64,-64,-73,1
-55,-66,-62,-66,-73,1
-72,-59,-61,-65,-73,1
-54,-55,-63,-64,-68,1
-61,-65,-62,-74,-72,1
-55,-62,-61,-71,-69,1
-54,-56,-78,-65,-74,1
-71,-72,-62,-71,-68,1
-56,-54,-78,-64,-71,1
-63,-58,-75,-69,-71,1
-70,-57,-63,-63,-69,1
-68,-54,-59,-72,-72,1
-55,-56,-59,-66,-71,1
-72,-65,-70,-65,-71,1
-55,-54,-78,-65,-73,1
-63,-63,-61,-65,-73,1
-55,-58,-63,-65,-73,1
-55,-73,-59,-65,-68,1
-55,-56,-59,-65,-73,1
-68,-58,-78,-65,-74,1
-55,-54,-59,-65,-68,1
-68,-58,-78,-65,-73,1
-68,-58,-63,-68,-72,1
-55,-54,-78,-64,-73,1
-68,-54,-71,-64,-73,1
-68,-73,-58,-72,-73,1
-68,-54,-59,-64,-70,1
-55,-65,-78,-64,-68,1
-57,-73,-63,-65,-73,1
-55,-54,-77,-64,-68,1
-67,-58,-63,-65,-70,1
-61,-58,-78,-68,-73,1
-55,-54,-63,-72,-73,1
-68,-58,-68,-64,-68,1
-55,-58,-70,-64,-73,1
-56,-58,-78,-64,-73,1
-68,-73,-63,-71,-68,1
-67,-58,-70,-65,-70,1
-55,-58,-77,-67,-73,1
-55,-54,-63,-72,-68,1
-68,-58,-63,-65,-70,1
-63,-71,-62,-61,-70,2
-62,-72,-62,-62,-74,2
-59,-60,-60,-68,-70,2
-62,-74,-66,-63,-68,2
-58,-62,-58,-63,-77,2
-55,-74,-67,-68,-68,2
-53,-68,-63,-65,-70,2
-60,-76,-62,-66,-72,2
-54,-62,-65,-66,-67,2
-57,-69,-59,-64,-67,2
-58,-84,-59,-62,-73,2
-63,-69,-61,-62,-72,2
-56,-78,-63,-64,-70,2
-55,-82,-63,-62,-68,2
-58,-75,-59,-67,-68,2
-54,-62,-62,-66,-68,2
-57,-74,-60,-64,-77,2
-54,-77,-66,-68,-67,2
-62,-74,-59,-68,-70,2
-55,-68,-63,-65,-69,2
-62,-62,-66,-69,-68,2
-62,-67,-63,-65,-73,2
-62,-68,-63,-67,-70,2
-54,-75,-63,-69,-69,2
-62,-74,-59,-66,-68,2
-58,-74,-66,-69,-69,2
-63,-62,-59,-67,-68,2
-62,-74,-62,-66,-72,2
-58,-75,-66,-69,-76,2
-54,-75,-61,-68,-68,2
-58,-75,-62,-65,-69,2
-60,-62,-66,-66,-70,2
-63,-76,-63,-67,-68,2
-57,-75,-66,-68,-70,2
-54,-77,-63,-67,-69,2
-63,-74,-66,-68,-68,2
-56,-62,-64,-68,-70,2
-54,-75,-59,-66,-68,2
-63,-62,-59,-69,-70,2
-58,-62,-66,-67,-69,2
-63,-75,-64,-68,-69,2
-54,-77,-59,-67,-68,2
-58,-75,-66,-69,-70,2
-54,-78,-63,-68,-68,2
-58,-75,-59,-69,-70,2
-54,-61,-63,-67,-68,2
-58,-75,-59,-69,-76,2
-54,-62,-66,-68,-68,2
-57,-62,-61,-66,-72,2
-58,-77,-64,-66,-76,2
-58,-75,-59,-69,-70,2
-54,-77,-66,-66,-76,2
-63,-75,-59,-66,-70,2
-63,-77,-59,-68,-76,2
-54,-69,-59,-66,-71,2
-63,-75,-64,-69,-70,2
-54,-77,-66,-68,-76,2
-63,-74,-63,-69,-69,2
-54,-77,-66,-68,-76,2
-58,-75,-63,-66,-68,2
-56,-62,-62,-66,-72,2
-54,-77,-63,-69,-76,2
-58,-75,-59,-66,-69,2
-63,-62,-64,-68,-73,2
-54,-77,-63,-68,-76,2
-63,-75,-63,-66,-71,2
-58,-68,-59,-66,-72,2
-63,-62,-58,-68,-68,2
-56,-62,-64,-66,-72,2
-58,-75,-59,-66,-76,2
-60,-61,-61,-68,-72,2
-54,-77,-66,-69,-70,2
-58,-75,-59,-68,-69,2
-63,-78,-63,-69,-70,2
-58,-75,-59,-68,-68,2
-54,-62,-63,-69,-76,2
-60,-75,-62,-67,-73,2
-56,-62,-61,-66,-69,2
-54,-79,-66,-69,-68,2
-63,-62,-63,-65,-75,2
-54,-79,-66,-68,-68,2
-56,-80,-63,-69,-70,2
-62,-74,-66,-66,-69,2
-55,-62,-64,-67,-74,2
-58,-75,-66,-66,-69,2
-56,-75,-66,-67,-69,2
-59,-62,-61,-68,-72,2
-63,-78,-66,-68,-72,2
-63,-62,-63,-66,-69,2
-63,-61,-64,-68,-68,2
-59,-66,-80,-66,-72,3
-68,-64,-65,-62,-77,3
-64,-68,-79,-66,-76,3
-64,-68,-78,-64,-71,3
-60,-66,-65,-65,-77,3
-61,-64,-65,-62,-78,3
-68,-68,-84,-64,-78,3
-59,-70,-65,-61,-81,3
-56,-65,-64,-64,-62,4
-56,-68,-62,-62,-76,4
-64,-59,-64,-64,-80,4
-56,-69,-59,-59,-70,4
-54,-64,-59,-65,-66,4
-60,-71,-60,-65,-78,4
-55,-60,-64,-61,-65,4
-63,-69,-60,-70,-75,4
-55,-62,-64,-64,-70,4
-65,-69,-62,-66,-71,4
-55,-63,-64,-58,-64,4
-63,-69,-61,-65,-74,4
-58,-62,-60,-66,-74,4
-58,-62,-61,-65,-72,4
-65,-69,-59,-65,-71,4
-57,-60,-63,-71,-78,4
-64,-69,-59,-62,-68,4
-55,-59,-63,-71,-77,4
-56,-60,-59,-63,-64,4
-64,-69,-64,-65,-64,4
-58,-59,-61,-62,-65,4
-56,-65,-59,-72,-65,4
-54,-63,-57,-65,-74,4
-57,-70,-60,-61,-67,4
-53,-64,-58,-64,-80,4
-54,-65,-61,-66,-66,4
-56,-56,-63,-65,-83,4
-67,-59,-59,-63,-81,4
-55,-62,-58,-61,-73,4
-64,-66,-59,-63,-76,4
-59,-61,-64,-64,-74,4
-54,-70,-58,-62,-81,4
-59,-60,-63,-63,-76,4
-56,-64,-61,-61,-69,4
-56,-70,-62,-71,-75,4
-68,-64,-59,-62,-78,4
-59,-68,-64,-70,-66,4
-62,-65,-62,-70,-77,4
-60,-60,-63,-65,-78,4
-64,-68,-69,-71,-72,4
-56,-60,-62,-65,-76,4
-56,-64,-59,-63,-65,4
-56,-66,-58,-71,-73,4
-64,-64,-65,-62,-65,4
-60,-59,-60,-66,-81,4
-64,-63,-66,-62,-68,4
-56,-65,-62,-70,-73,4
-56,-69,-64,-70,-71,4
-56,-64,-60,-65,-70,4
-61,-71,-64,-66,-73,4
-56,-64,-59,-61,-69,4
-63,-70,-60,-72,-72,4
-59,-62,-62,-61,-74,4
-60,-60,-61,-65,-71,4
-57,-63,-64,-62,-70,4
-56,-59,-60,-65,-68,4
-56,-74,-63,-70,-71,4
-57,-69,-62,-67,-71,4
-62,-63,-67,-66,-68,4
-58,-71,-65,-74,-73,4
-63,-62,-60,-63,-66,4
-61,-59,-61,-75,-66,4
-57,-67,-63,-67,-69,4
-64,-67,-63,-61,-73,4
-63,-61,-70,-72,-64,4
-65,-66,-68,-62,-72,4
-61,-60,-67,-65,-67,4
-65,-62,-66,-62,-62,4
-62,-72,-76,-66,-79,4
-65,-61,-64,-75,-63,4
-59,-72,-64,-65,-79,4
-66,-62,-65,-77,-64,4
-59,-70,-86,-65,-72,4
-66,-62,-67,-78,-80,4
-60,-69,-68,-64,-72,4
-59,-61,-84,-66,-65,4
-59,-66,-68,-78,-72,4
-60,-66,-65,-73,-72,4
-67,-63,-71,-65,-72,4
-61,-59,-75,-75,-79,4
-66,-66,-69,-62,-72,4
-63,-59,-69,-70,-80,4
-68,-64,-65,-61,-71,4
-66,-63,-63,-72,-87,4
-58,-59,-62,-68,-69,4
-71,-62,-76,-61,-87,4
-73,-60,-71,-70,-67,4
-59,-60,-64,-66,-65,4
-65,-58,-69,-70,-65,4
-63,-68,-64,-65,-74,4
-63,-62,-62,-74,-68,4
-69,-59,-65,-62,-76,4
-62,-63,-63,-70,-71,4
-63,-62,-63,-71,-64,4
-59,-61,-61,-61,-73,4
-60,-74,-63,-64,-65,4
-59,-63,-62,-66,-65,4
-59,-65,-64,-63,-66,4
-62,-63,-63,-66,-64,4
-57,-74,-63,-61,-69,4
-62,-62,-62,-67,-65,4
-60,-65,-63,-64,-71,4
-58,-63,-65,-62,-69,4
-63,-72,-62,-66,-71,4
-65,-61,-64,-68,-73,4
-61,-59,-63,-65,-75,4
-63,-62,-71,-61,-82,4
-61,-63,-63,-73,-68,4
-62,-72,-67,-80,-63,4
-62,-68,-79,-67,-78,4
-60,-58,-63,-86,-63,4
-62,-63,-64,-66,-69,4
-58,-68,-64,-64,-65,4
-62,-66,-64,-64,-64,4
-62,-70,-65,-62,-67,4
-64,-62,-67,-70,-77,4
-61,-67,-64,-69,-73,4
-66,-63,-61,-65,-70,4
-60,-76,-59,-61,-68,4
-66,-62,-64,-65,-69,4
-60,-78,-61,-69,-68,4
-63,-67,-63,-70,-69,4
-67,-62,-61,-65,-68,4
-60,-62,-63,-61,-69,4
-59,-62,-60,-65,-69,4
-61,-68,-61,-65,-72,4
-58,-69,-61,-61,-69,4
-60,-85,-59,-63,-71,4
-59,-71,-59,-63,-70,4
-67,-62,-64,-65,-69,4
-59,-77,-59,-60,-69,4
-67,-77,-61,-68,-70,4
-60,-62,-59,-61,-72,4
-63,-62,-61,-69,-70,4
-67,-78,-62,-69,-70,4
-59,-62,-61,-65,-70,4
-60,-60,-62,-71,-71,4
-61,-63,-60,-62,-74,4
-61,-73,-59,-64,-66,4
-63,-62,-61,-73,-70,4
-61,-62,-59,-68,-69,4
-62,-62,-61,-63,-71,4
-78,-62,-65,-65,-72,4
-68,-72,-62,-65,-68,4
-72,-68,-66,-71,-75,5
-65,-65,-67,-68,-70,5
-68,-62,-60,-74,-77,5
-51,-71,-67,-68,-73,5
-81,-62,-61,-68,-70,5
-69,-72,-69,-73,-71,5
-74,-65,-63,-71,-72,5
-71,-62,-69,-67,-71,5
-52,-70,-60,-73,-70,5
-66,-62,-68,-66,-73,5
-71,-70,-60,-74,-69,5
-69,-62,-70,-74,-75,5
-52,-68,-67,-74,-72,5
-66,-69,-70,-74,-75,5
-64,-69,-68,-75,-71,5
-51,-66,-70,-77,-71,5
-71,-68,-61,-68,-76,5
-51,-62,-69,-74,-69,5
-86,-68,-60,-74,-74,5
-72,-71,-69,-75,-72,5
-72,-70,-67,-70,-72,5
-69,-69,-64,-71,-71,5
-60,-70,-70,-71,-72,5
-51,-62,-59,-72,-70,5
-71,-69,-70,-72,-75,5
-51,-68,-59,-76,-68,5
-68,-63,-71,-71,-72,5
-82,-66,-69,-68,-73,5
-60,-71,-60,-75,-69,5
-68,-62,-69,-68,-72,5
-52,-69,-60,-71,-70,5
-76,-62,-73,-69,-76,5
-52,-68,-59,-70,-72,5
-87,-67,-72,-70,-76,5
-58,-63,-67,-69,-71,5
-58,-62,-66,-72,-71,5
-69,-70,-70,-69,-81,5
-76,-70,-65,-73,-70,5
-68,-68,-65,-70,-73,5
-68,-63,-65,-72,-73,5
-63,-66,-68,-68,-70,5
-69,-65,-68,-69,-71,5
-68,-63,-60,-76,-73,5
-70,-64,-65,-68,-73,5
-65,-75,-60,-70,-72,5
-70,-67,-71,-68,-68,5
-52,-62,-67,-69,-73,5
-63,-66,-67,-71,-69,5
-52,-67,-66,-70,-73,5
-57,-75,-60,-69,-70,5
-64,-62,-69,-71,-70,5
-51,-75,-60,-68,-70,5
-66,-68,-64,-71,-71,5
-64,-68,-62,-67,-73,5
-51,-69,-60,-68,-76,5
-67,-61,-69,-73,-68,5
-51,-70,-60,-70,-73,5
-68,-71,-62,-71,-74,5
-68,-65,-64,-69,-78,5
-68,-69,-68,-72,-70,5
-68,-65,-60,-70,-73,5
-64,-70,-66,-72,-75,5
-52,-62,-61,-72,-78,5
-67,-70,-67,-73,-71,5
-68,-73,-66,-69,-70,5
-65,-69,-60,-77,-72,5
-52,-67,-63,-75,-73,5
-64,-68,-72,-68,-74,5
-57,-61,-65,-70,-79,5
-66,-69,-71,-68,-69,5
-66,-62,-66,-72,-77,5
-70,-73,-70,-68,-71,5
-68,-62,-61,-73,-74,5
-51,-68,-72,-71,-75,5
-65,-62,-63,-70,-71,5
-51,-71,-72,-77,-74,5
-65,-62,-65,-70,-69,5
-52,-71,-69,-75,-74,5
-59,-66,-71,-79,-74,5
-76,-80,-65,-71,-70,5
-61,-69,-65,-79,-71,5
-66,-70,-66,-67,-78,5
-50,-68,-64,-74,-71,5
-61,-62,-69,-68,-74,5
-64,-68,-62,-69,-71,5
-53,-62,-74,-69,-78,5
-66,-68,-62,-76,-70,5
-76,-63,-70,-72,-74,5
-56,-64,-65,-69,-81,5
-61,-68,-62,-72,-74,5
-72,-65,-76,-69,-81,5
-68,-69,-75,-69,-83,5
-75,-67,-64,-75,-75,5
-63,-66,-61,-73,-74,5
-54,-66,-69,-67,-73,5
-62,-69,-61,-82,-74,5
-67,-71,-68,-71,-70,5
-67,-65,-69,-72,-73,5
-55,-66,-62,-75,-76,5
-72,-70,-70,-67,-72,5
-54,-68,-67,-72,-75,5
-63,-79,-68,-71,-75,5
-60,-72,-66,-69,-76,5
-61,-65,-67,-68,-74,5
-58,-71,-61,-67,-77,5
-67,-65,-66,-70,-74,5
-69,-71,-58,-73,-70,5
-61,-73,-75,-66,-75,5
-86,-69,-60,-68,-68,5
-68,-71,-65,-68,-70,5
-57,-69,-66,-69,-67,5
-68,-65,-59,-68,-69,5
-59,-70,-70,-71,-70,5
-55,-68,-59,-69,-67,5
-60,-67,-74,-67,-75,5
-55,-64,-74,-69,-67,5
-60,-66,-66,-68,-76,5
-55,-63,-60,-67,-67,5
-71,-66,-75,-68,-76,5
-57,-63,-60,-67,-67,5
-60,-66,-66,-68,-76,5
-57,-63,-60,-67,-68,5
-72,-69,-67,-69,-76,5
-56,-64,-75,-68,-71,5
-60,-68,-67,-69,-76,5
-57,-64,-75,-72,-71,5
-66,-66,-75,-71,-71,5
-57,-65,-75,-69,-72,5
-60,-67,-67,-68,-75,5
-72,-65,-74,-73,-71,5
-65,-66,-75,-71,-71,5
-63,-67,-59,-66,-69,5
-58,-68,-66,-69,-67,5
-63,-66,-72,-72,-71,5
-57,-66,-67,-69,-67,5
-72,-65,-58,-68,-75,5
-55,-66,-67,-70,-71,5
-57,-65,-75,-68,-75,5
-66,-65,-74,-68,-71,5
-63,-66,-66,-69,-71,5
-55,-67,-59,-69,-75,5
-73,-66,-66,-68,-69,5
-57,-67,-67,-67,-71,5
-73,-66,-60,-73,-75,5
-55,-68,-67,-69,-70,5
-73,-64,-74,-73,-67,5
-55,-66,-60,-67,-71,5
-73,-64,-74,-69,-68,5
-60,-66,-67,-72,-75,5
-62,-65,-64,-69,-67,5
-57,-67,-68,-68,-75,5
-66,-65,-63,-72,-71,5
-59,-67,-60,-67,-68,5
-65,-66,-68,-69,-72,5
-60,-68,-59,-67,-68,5
-73,-65,-74,-73,-71,5
-60,-67,-59,-67,-67,5
-58,-64,-63,-72,-67,5
-73,-67,-68,-67,-75,5
-60,-66,-66,-73,-68,5
-73,-64,-68,-67,-71,5
-60,-66,-59,-69,-75,5
-73,-68,-68,-67,-68,5
-60,-66,-58,-73,-75,5
-73,-64,-68,-67,-68,5
-57,-66,-58,-69,-75,5
-73,-68,-68,-67,-68,5
-73,-65,-64,-68,-69,5
-55,-66,-60,-69,-71,5
-73,-65,-67,-73,-75,5
-55,-65,-60,-73,-71,5
-60,-66,-67,-69,-71,5
-62,-65,-67,-72,-70,5
-57,-64,-74,-72,-75,5
-65,-67,-59,-72,-71,5
-58,-67,-74,-67,-71,5
-59,-64,-67,-69,-68,5
-73,-68,-60,-73,-70,5
-60,-66,-74,-69,-68,5
-74,-68,-62,-69,-70,5
-66,-66,-74,-69,-75,5
-60,-65,-68,-73,-68,5
-73,-68,-60,-69,-75,5
-73,-66,-71,-69,-68,5
-73,-66,-63,-69,-71,5
-73,-65,-63,-70,-72,5
-57,-67,-67,-69,-75,5
-73,-68,-60,-69,-71,5
-57,-66,-66,-72,-69,5
-66,-65,-67,-72,-69,5
-73,-66,-63,-69,-71,5
-57,-65,-67,-67,-67,5
-57,-64,-60,-71,-73,5
-57,-67,-63,-69,-68,5
-60,-67,-71,-72,-71,5
-64,-66,-74,-73,-71,5
-60,-66,-60,-68,-71,5
-73,-67,-67,-68,-75,5
-73,-66,-60,-69,-68,5
-55,-67,-74,-67,-75,5
-66,-66,-74,-69,-71,5
-57,-64,-74,-68,-68,5
-60,-65,-67,-68,-67,5
-66,-65,-68,-69,-72,5
-55,-67,-60,-67,-76,5
-61,-66,-60,-69,-70,5
-68,-65,-59,-67,-69,5
-57,-63,-60,-69,-69,5
-57,-65,-68,-67,-72,5
-60,-68,-60,-69,-75,5
-74,-67,-68,-70,-70,5
-73,-65,-67,-68,-69,5
-60,-64,-67,-68,-70,5
-64,-68,-74,-71,-68,5
-57,-63,-64,-71,-76,5
-74,-68,-68,-69,-68,5
-60,-69,-58,-71,-70,5
-73,-68,-71,-71,-72,5
-74,-65,-60,-67,-72,5
-58,-65,-60,-69,-71,5
-74,-63,-68,-72,-71,5
-74,-67,-60,-71,-69,5
-55,-68,-71,-68,-75,5
-73,-66,-67,-72,-71,5
-58,-68,-74,-72,-72,5
-57,-66,-68,-67,-71,5
-73,-65,-63,-70,-71,5
-55,-65,-67,-68,-67,5
-58,-77,-73,-61,-68,6
-59,-66,-72,-65,-69,6
-55,-71,-68,-60,-66,6
-59,-66,-72,-63,-68,6
-57,-79,-77,-62,-67,6
-56,-84,-68,-62,-69,6
-56,-63,-71,-59,-67,6
-58,-80,-79,-62,-65,6
-63,-64,-61,-62,-69,6
-57,-71,-77,-59,-66,6
-57,-65,-75,-62,-69,6
-58,-67,-71,-63,-67,6
-58,-68,-64,-65,-66,6
-62,-65,-74,-63,-69,6
-56,-71,-63,-59,-73,6
-59,-65,-84,-63,-69,6
-59,-69,-65,-64,-66,6
-56,-64,-87,-64,-67,6
-57,-61,-77,-62,-68,6
-56,-64,-78,-64,-73,6
-60,-67,-74,-64,-72,6
-59,-67,-64,-62,-71,6
-58,-63,-65,-62,-66,6
-58,-63,-64,-60,-68,6
-57,-66,-73,-59,-68,6
-60,-62,-65,-65,-69,6
-57,-66,-78,-60,-65,6
-57,-63,-66,-66,-68,6
-57,-65,-79,-59,-65,6
-56,-63,-65,-66,-69,6
-58,-64,-77,-63,-69,6
-56,-65,-76,-62,-66,6
-56,-67,-81,-63,-65,6
-58,-63,-65,-60,-69,6
-57,-68,-70,-65,-67,6
-61,-68,-65,-61,-66,6
-57,-62,-80,-60,-69,6
-57,-63,-78,-61,-67,6
-57,-69,-65,-66,-70,6
-58,-64,-63,-63,-67,6
-59,-69,-82,-60,-69,6
-57,-63,-64,-62,-69,6
-59,-69,-76,-60,-69,6
-57,-70,-64,-63,-68,6
-58,-70,-78,-64,-67,6
-56,-66,-77,-66,-66,6
-58,-66,-64,-63,-67,6
-58,-63,-64,-60,-68,6
-56,-66,-81,-66,-66,6
-57,-63,-63,-60,-69,6
-57,-66,-73,-62,-69,6
-60,-63,-75,-60,-70,6
-56,-70,-64,-66,-66,6
-57,-63,-64,-60,-68,6
-57,-66,-81,-66,-70,6
-60,-63,-79,-62,-66,6
-55,-69,-78,-64,-68,6
-60,-64,-76,-63,-69,6
-56,-63,-72,-66,-66,6
-57,-66,-81,-63,-70,6
-57,-70,-64,-60,-66,6
-60,-70,-76,-63,-70,6
-60,-66,-81,-66,-66,6
-57,-66,-78,-63,-67,6
-60,-70,-76,-60,-69,6
-57,-66,-63,-62,-67,6
-56,-63,-76,-63,-70,6
-56,-64,-76,-64,-67,6
-56,-64,-76,-64,-67,6
-60,-66,-81,-66,-70,6
-56,-70,-76,-60,-66,6
-58,-70,-64,-63,-69,6
-58,-69,-74,-63,-69,6
-57,-63,-75,-63,-66,6
-60,-66,-64,-59,-69,6
-57,-63,-72,-66,-68,6
-57,-64,-78,-63,-69,6
-59,-64,-64,-63,-70,6
-57,-70,-76,-60,-67,6
-57,-70,-78,-62,-68,6
-57,-70,-79,-61,-67,6
-57,-64,-76,-63,-67,6
-56,-63,-81,-66,-69,6
-56,-66,-81,-61,-66,6
-57,-66,-76,-63,-67,6
-56,-63,-64,-60,-68,6
-57,-66,-76,-66,-70,6
-57,-70,-78,-62,-66,6
-56,-66,-77,-63,-67,6
-58,-64,-63,-63,-68,6
-59,-64,-64,-63,-67,6
-58,-64,-64,-64,-67,6
-60,-63,-76,-62,-68,6
-57,-66,-64,-66,-70,6
-57,-67,-64,-62,-67,6
-56,-63,-81,-60,-69,6
-60,-66,-64,-66,-68,6
-58,-63,-64,-63,-67,6
-57,-63,-76,-60,-69,6
-60,-66,-80,-66,-66,6
-57,-70,-76,-60,-70,6
-57,-66,-81,-66,-70,6
-58,-63,-76,-60,-69,6
-58,-64,-64,-66,-67,6
-58,-68,-81,-60,-69,6
-58,-64,-70,-62,-66,6
-60,-69,-64,-60,-65,6
-57,-66,-77,-62,-70,6
-58,-64,-70,-63,-66,6
-56,-63,-64,-60,-69,6
-57,-66,-83,-63,-65,6
-57,-66,-74,-63,-68,6
-60,-63,-77,-66,-70,6
-57,-66,-82,-60,-69,6
-60,-63,-70,-66,-66,6
-58,-70,-82,-60,-69,6
-56,-63,-77,-66,-66,6
-60,-70,-64,-63,-67,6
-58,-64,-63,-60,-68,6
-57,-66,-81,-63,-66,6
-60,-63,-63,-66,-69,6
-57,-70,-82,-63,-70,6
-60,-70,-64,-64,-69,6
-56,-66,-79,-60,-66,6
-57,-68,-82,-66,-69,6
-57,-64,-73,-60,-66,6
-56,-70,-81,-63,-66,6
-57,-66,-64,-66,-70,6
-60,-68,-82,-62,-69,6
-56,-66,-64,-66,-70,6
-58,-68,-78,-61,-69,6
-58,-68,-65,-66,-66,6
-57,-69,-71,-60,-67,6
-59,-63,-77,-66,-69,6
-55,-70,-78,-64,-65,6
-58,-65,-77,-64,-70,6
-57,-68,-72,-60,-70,6
-59,-74,-78,-65,-66,6
-59,-65,-76,-60,-68,6
-59,-74,-75,-65,-65,6
-58,-70,-71,-64,-69,6
-57,-63,-65,-59,-66,6
-57,-67,-65,-62,-69,6
-57,-65,-77,-65,-65,6
-58,-64,-80,-63,-68,6
-56,-66,-78,-60,-65,6
-60,-66,-64,-64,-68,6
-57,-64,-64,-63,-68,6
-58,-64,-85,-64,-68,6
-59,-63,-63,-63,-70,6
-57,-65,-71,-63,-73,6
-58,-86,-62,-65,-69,6
-57,-68,-73,-65,-69,6
-58,-68,-70,-65,-68,6
-57,-65,-70,-64,-72,6
-56,-63,-62,-59,-69,6
-60,-67,-77,-65,-69,6
-57,-67,-76,-63,-71,6
-64,-64,-63,-64,-65,6
-57,-65,-72,-62,-70,6
-61,-63,-74,-64,-67,6
-58,-63,-66,-61,-69,6
-57,-72,-68,-65,-74,6
-57,-74,-67,-64,-70,6
-59,-66,-73,-65,-66,6
-59,-77,-79,-62,-63,6
-61,-69,-72,-65,-69,6
-71,-63,-77,-63,-71,6
-78,-86,-62,-64,-66,6
-66,-63,-70,-63,-72,6
-70,-69,-73,-63,-72,6
-65,-64,-62,-65,-75,6
-65,-71,-78,-65,-70,6
-59,-71,-76,-67,-78,6
-61,-69,-75,-62,-77,6
-62,-66,-72,-63,-76,6
-62,-64,-76,-63,-77,6
-63,-63,-74,-61,-77,6
-61,-66,-64,-63,-71,6
-62,-63,-68,-61,-71,6
-63,-64,-63,-61,-75,6
-62,-73,-69,-59,-76,6
-62,-64,-51,-71,-74,7
-64,-76,-45,-74,-79,7
-57,-67,-64,-60,-64,8
-53,-61,-67,-67,-64,8
-56,-65,-65,-65,-64,8
-50,-77,-64,-69,-64,8
-53,-61,-65,-68,-64,8
-55,-64,-65,-63,-62,8
-57,-62,-65,-66,-65,8
-58,-67,-67,-66,-62,8
-54,-61,-67,-64,-64,8
-56,-65,-71,-62,-63,8
-53,-67,-69,-68,-64,8
-51,-77,-64,-70,-63,8
-54,-76,-67,-61,-63,8
-58,-61,-71,-69,-65,8
-51,-66,-64,-67,-63,8
-58,-67,-65,-68,-63,8
-58,-61,-65,-65,-63,8
-54,-81,-64,-65,-63,8
-51,-62,-70,-64,-65,8
-58,-77,-66,-70,-63,8
-58,-66,-68,-67,-65,8
-56,-66,-65,-65,-63,8
-56,-63,-67,-69,-64,8
-56,-65,-66,-60,-64,8
-50,-62,-65,-69,-63,8
-57,-66,-65,-60,-64,8
-56,-67,-67,-66,-64,8
-56,-63,-66,-65,-63,8
-57,-68,-68,-66,-63,8
-59,-61,-63,-70,-66,8
-57,-66,-64,-61,-63,8
-58,-69,-64,-69,-64,8
-58,-66,-67,-72,-63,8
-57,-80,-67,-63,-64,8
-59,-66,-64,-68,-66,8
-54,-61,-64,-61,-65,8
-57,-66,-68,-70,-64,8
-57,-72,-76,-78,-77,9
-54,-72,-63,-68,-66,10
-49,-79,-74,-72,-65,10
-59,-70,-58,-68,-70,10
-49,-72,-60,-69,-72,10
-48,-75,-59,-70,-64,10
-56,-70,-58,-74,-72,10
-48,-76,-60,-72,-65,10
-54,-72,-71,-70,-65,10
-56,-68,-61,-74,-62,10
-58,-73,-73,-71,-65,10
-57,-73,-64,-75,-62,10
-48,-76,-63,-74,-63,10
-56,-74,-59,-74,-62,10
-48,-69,-58,-68,-63,10
-56,-74,-73,-74,-71,10
-51,-70,-63,-71,-65,10
-52,-71,-65,-68,-62,10
-48,-73,-61,-74,-72,10
-58,-71,-71,-68,-65,10
-57,-69,-61,-75,-63,10
-60,-70,-61,-68,-63,10
-60,-72,-65,-68,-72,10
-49,-75,-61,-74,-65,10
-55,-73,-74,-67,-67,10
-59,-69,-60,-72,-65,10
-58,-71,-66,-72,-68,10
-48,-71,-75,-68,-71,10
-48,-70,-68,-71,-68,10
-48,-70,-68,-73,-63,10
-59,-73,-60,-68,-65,10
-55,-70,-59,-70,-67,10
-59,-72,-73,-74,-63,10
-55,-73,-58,-71,-65,10
-59,-71,-75,-66,-70,10
-56,-72,-60,-71,-63,10
-53,-70,-73,-74,-71,10
-55,-73,-59,-71,-62,10
-53,-71,-66,-74,-67,10
-55,-70,-58,-66,-67,10
-58,-70,-60,-74,-62,10
-56,-72,-74,-69,-65,10
-48,-71,-58,-74,-66,10
-48,-70,-73,-66,-65,10
-48,-72,-66,-74,-65,10
-56,-70,-61,-70,-71,10
-57,-72,-58,-72,-66,10
-56,-71,-74,-69,-62,10
-48,-72,-60,-66,-62,10
-57,-73,-73,-70,-70,10
-53,-73,-58,-69,-65,10
-48,-72,-59,-66,-70,10
-57,-73,-65,-74,-67,10
-56,-72,-73,-66,-65,10
-48,-73,-58,-72,-70,10
-55,-72,-73,-66,-63,10
-58,-73,-58,-74,-71,10
-55,-72,-58,-70,-67,10
-53,-71,-57,-72,-64,10
-48,-70,-73,-67,-63,10
-55,-72,-61,-74,-65,10
-57,-72,-74,-67,-64,10
-53,-72,-67,-67,-67,10
-56,-73,-66,-72,-65,10
-53,-70,-64,-72,-65,10
-58,-72,-73,-74,-63,10
-57,-74,-66,-70,-63,10
-48,-70,-73,-70,-66,10
-55,-74,-61,-74,-70,10
-48,-72,-58,-67,-65,10
-57,-72,-73,-70,-63,10
-55,-70,-58,-74,-65,10
-58,-72,-58,-70,-70,10
-52,-72,-67,-74,-63,10
-48,-72,-61,-67,-63,10
-48,-69,-74,-70,-65,10
-55,-72,-73,-67,-63,10
-48,-69,-60,-70,-70,10
-55,-72,-73,-67,-63,10
-48,-73,-61,-72,-65,10
-55,-70,-58,-70,-70,10
-55,-80,-69,-78,-64,11
-57,-76,-75,-71,-72,11
-59,-75,-65,-73,-68,11
-54,-66,-68,-71,-67,11
-53,-70,-66,-65,-64,11
-59,-66,-84,-78,-71,11
-50,-70,-71,-69,-60,11
-59,-76,-67,-65,-62,11
-56,-69,-70,-65,-61,11
-54,-68,-70,-70,-60,11
-59,-81,-70,-79,-63,11
-58,-71,-69,-73,-66,11
-57,-71,-70,-67,-67,11
-53,-70,-69,-71,-61,11
-54,-67,-71,-72,-63,11
-58,-70,-71,-77,-61,11
-56,-67,-76,-65,-63,11
-53,-77,-68,-81,-69,11
-51,-71,-72,-65,-69,11
-59,-69,-73,-64,-71,11
-57,-68,-70,-74,-72,11
-53,-66,-73,-69,-66,11
-52,-69,-81,-75,-60,11
-55,-68,-68,-65,-63,11
-52,-79,-69,-65,-60,11
-56,-69,-69,-70,-62,11
-55,-69,-70,-75,-61,11
-59,-74,-74,-67,-71,11
-52,-72,-79,-77,-60,11
-58,-82,-69,-65,-63,11
-52,-65,-78,-65,-60,11
-58,-74,-71,-72,-63,11
-53,-75,-76,-74,-65,11
-53,-74,-70,-71,-67,11
-54,-74,-72,-68,-65,11
-58,-65,-74,-65,-62,11
-51,-79,-70,-65,-60,11
-52,-85,-68,-78,-61,11
-54,-76,-71,-70,-62,11
-57,-74,-69,-78,-61,11
-55,-65,-75,-65,-73,11
-59,-79,-70,-65,-72,11
-52,-65,-81,-69,-62,11
-51,-74,-68,-76,-74,11
-58,-69,-72,-71,-60,11
-58,-77,-70,-76,-73,11
-58,-69,-71,-72,-75,11
-57,-79,-73,-69,-63,11
-55,-78,-72,-76,-60,11
-59,-65,-78,-72,-73,11
-52,-77,-68,-70,-62,11
-53,-69,-71,-70,-67,11
-57,-76,-71,-74,-63,11
-56,-75,-70,-71,-61,11
-58,-65,-71,-70,-74,11
-56,-77,-74,-70,-62,11
-55,-74,-74,-73,-61,11
-51,-65,-73,-67,-63,11
-56,-76,-70,-65,-60,11
-59,-76,-76,-71,-62,11
-57,-76,-70,-72,-74,11
-58,-71,-70,-72,-72,11
-58,-72,-72,-81,-60,11
-58,-77,-75,-71,-72,11
-58,-70,-71,-65,-63,11
-55,-76,-70,-68,-66,11
-59,-75,-76,-75,-72,11
-52,-76,-70,-70,-60,11
-58,-70,-71,-76,-66,11
-57,-74,-78,-70,-62,11
-53,-65,-71,-76,-60,11
-57,-74,-78,-70,-62,11
-59,-65,-70,-64,-72,11
-53,-74,-77,-64,-62,11
-52,-70,-73,-63,-67,11
-55,-69,-73,-63,-67,11
-59,-74,-71,-75,-72,11
-54,-74,-70,-71,-66,11
-52,-74,-70,-73,-61,11
-57,-74,-70,-70,-60,11
-58,-74,-71,-76,-61,11
-52,-65,-71,-71,-62,11
-57,-74,-70,-76,-60,11
-59,-74,-71,-64,-72,11
-58,-69,-70,-76,-72,11
-55,-64,-76,-64,-60,11
-59,-74,-71,-64,-72,11
-53,-69,-76,-70,-67,11
-57,-65,-72,-70,-72,11
-59,-72,-71,-70,-60,11
-57,-65,-77,-76,-72,11
-52,-65,-71,-70,-62,11
-59,-74,-70,-76,-72,11
-52,-65,-71,-70,-62,11
-58,-74,-70,-64,-60,11
-52,-65,-76,-71,-62,11
-52,-75,-70,-76,-60,11
-59,-65,-77,-70,-61,11
-52,-74,-71,-63,-71,11
-59,-74,-77,-70,-62,11
-53,-65,-71,-75,-72,11
-59,-74,-77,-71,-60,11
-53,-74,-74,-63,-66,11
-59,-65,-71,-71,-61,11
-50,-73,-75,-71,-73,12
-59,-81,-75,-69,-61,12
-49,-72,-74,-70,-67,12
-54,-72,-74,-71,-74,12
-58,-83,-74,-81,-62,12
-58,-84,-75,-71,-60,12
-55,-81,-75,-70,-65,12
-54,-72,-75,-71,-63,12
-50,-86,-75,-82,-61,12
-59,-72,-74,-70,-73,12
-59,-72,-73,-71,-60,12
-57,-80,-78,-76,-62,12
-50,-72,-75,-70,-68,12
-59,-71,-79,-70,-60,12
-69,-71,-66,-68,-72,13
-70,-75,-66,-79,-65,13
-69,-77,-65,-71,-63,13
-77,-73,-66,-81,-63,13
-68,-75,-67,-68,-65,13
-63,-72,-69,-74,-67,13
-58,-78,-68,-77,-77,13
-54,-76,-66,-71,-62,13
-56,-74,-72,-73,-67,13
-53,-75,-72,-76,-65,13
-55,-71,-70,-69,-71,13
-59,-73,-67,-78,-67,13
-57,-75,-68,-69,-77,13
-59,-74,-70,-68,-73,13
-55,-73,-75,-79,-62,13
-58,-70,-69,-72,-62,13
-58,-73,-68,-80,-62,13
-57,-73,-69,-72,-72,13
-68,-74,-69,-74,-69,13
-60,-81,-67,-71,-64,13
-62,-77,-70,-70,-80,13
-65,-75,-72,-70,-68,13
-59,-75,-74,-70,-63,13
-61,-71,-74,-70,-74,13
-62,-73,-68,-81,-67,13
-61,-73,-67,-71,-63,13
-52,-72,-69,-78,-69,13
-55,-77,-70,-69,-67,13
-53,-72,-66,-73,-65,13
-59,-74,-71,-82,-65,13
-62,-71,-71,-69,-65,13
-53,-77,-71,-79,-69,13
-61,-76,-70,-73,-75,13
-60,-72,-70,-78,-70,13
-55,-78,-67,-72,-72,13
-54,-73,-71,-84,-70,13
-64,-80,-69,-76,-67,13
-73,-78,-70,-70,-80,13
-59,-75,-67,-69,-64,13
-54,-74,-67,-85,-86,13
-58,-74,-71,-69,-65,13
-55,-73,-70,-71,-63,13
-58,-74,-70,-85,-63,13
-59,-72,-69,-76,-62,13
-59,-75,-69,-71,-64,13
-63,-74,-69,-70,-62,13
-52,-74,-67,-70,-65,13
-56,-73,-72,-70,-62,13
-54,-73,-70,-69,-62,13
-55,-73,-67,-69,-62,13
-54,-72,-68,-82,-65,13
-59,-74,-67,-70,-64,13
-55,-73,-67,-81,-63,13
-59,-74,-71,-69,-64,13
-56,-73,-67,-68,-78,13
-62,-73,-68,-83,-63,13
-60,-73,-71,-74,-64,13
-60,-76,-68,-69,-64,13
-54,-74,-74,-82,-62,13
-70,-74,-68,-69,-64,13
-53,-72,-69,-69,-71,13
-69,-77,-70,-77,-71,13
-62,-78,-74,-70,-64,13
-57,-72,-69,-70,-64,13
-65,-72,-71,-69,-63,13
-57,-74,-68,-70,-70,13
-57,-73,-67,-70,-74,13
-53,-73,-68,-69,-64,13
-72,-75,-75,-85,-78,13
-61,-75,-67,-69,-64,13
-70,-74,-73,-84,-79,13
-62,-75,-69,-70,-63,13
-71,-73,-73,-69,-63,13
-62,-75,-70,-69,-69,13
-54,-78,-71,-70,-62,13
-56,-76,-71,-69,-63,13
-56,-73,-71,-75,-76,13
-61,-75,-73,-80,-63,13
-53,-75,-68,-70,-62,13
-62,-75,-71,-81,-71,13
-53,-73,-75,-70,-78,13
-61,-75,-69,-78,-62,13
-58,-76,-68,-70,-71,13
-62,-75,-70,-77,-63,13
-57,-74,-68,-70,-64,13
-61,-73,-68,-75,-62,13
-63,-74,-71,-70,-63,13
-69,-74,-69,-69,-63,13
-71,-76,-69,-69,-77,13
-64,-77,-68,-69,-70,13
-58,-72,-69,-69,-72,13
-54,-73,-74,-71,-62,13
-73,-73,-69,-70,-75,13
-56,-73,-70,-81,-66,13
-51,-76,-72,-69,-84,13
-59,-85,-69,-84,-63,13
-51,-70,-67,-69,-80,13
-59,-75,-68,-75,-68,13
-51,-71,-69,-70,-82,13
-58,-80,-68,-71,-65,13
-64,-76,-70,-69,-72,13
-52,-81,-69,-83,-63,13
-59,-75,-75,-68,-61,13
-52,-78,-69,-81,-82,13
-57,-72,-68,-69,-66,13
-57,-72,-72,-80,-83,13
-60,-77,-68,-69,-62,13
-60,-71,-72,-70,-70,13
-58,-73,-68,-84,-82,13
-58,-75,-69,-70,-64,13
-66,-73,-67,-69,-81,13
-64,-76,-68,-68,-62,13
-73,-75,-68,-69,-71,13
-66,-76,-67,-71,-64,13
-53,-73,-68,-83,-71,13
-54,-73,-70,-73,-74,13
-64,-73,-71,-71,-75,13
-68,-78,-66,-69,-75,13
-52,-71,-69,-81,-71,13
-62,-74,-72,-69,-72,13
-52,-72,-71,-80,-67,13
-57,-71,-68,-71,-77,14
-52,-68,-68,-73,-66,14
-51,-76,-69,-71,-80,14
-52,-69,-71,-71,-76,14
-53,-82,-67,-67,-78,14
-51,-81,-67,-74,-79,14
-55,-76,-67,-67,-73,14
-54,-69,-68,-68,-66,14
-55,-74,-68,-76,-68,14
-54,-72,-69,-69,-77,14
-53,-77,-68,-74,-74,14
-53,-71,-69,-70,-67,14
-53,-77,-70,-69,-64,14
-56,-74,-66,-67,-68,14
-55,-84,-67,-69,-72,14
-52,-72,-69,-78,-66,14
-52,-69,-67,-68,-71,14
-55,-71,-67,-74,-73,14
-53,-74,-68,-71,-70,14
-50,-71,-67,-75,-66,14
-57,-70,-69,-71,-69,14
-56,-73,-69,-68,-71,14
-51,-70,-68,-70,-68,14
-54,-73,-68,-69,-86,14
-55,-71,-70,-68,-72,14
-55,-74,-69,-68,-74,14
-54,-73,-69,-70,-66,14
-58,-74,-69,-69,-80,14
-51,-74,-70,-76,-66,14
-54,-72,-70,-70,-75,14
-57,-69,-68,-73,-83,14
-52,-71,-68,-71,-73,14
-53,-74,-65,-68,-71,14
-54,-82,-69,-71,-69,14
-54,-80,-69,-67,-65,14
-51,-69,-68,-66,-70,14
-51,-69,-67,-68,-66,14
-53,-69,-66,-75,-69,14
-52,-74,-69,-71,-67,14
-54,-74,-68,-68,-66,14
-51,-69,-67,-66,-80,14
-54,-79,-68,-67,-90,14
-57,-78,-68,-69,-65,14
-53,-74,-68,-68,-76,14
-52,-69,-68,-68,-68,14
-53,-71,-67,-68,-67,14
-52,-77,-67,-70,-71,14
-51,-80,-68,-68,-71,14
-56,-68,-66,-71,-79,14
-52,-69,-69,-68,-75,14
-54,-71,-68,-72,-63,14
-51,-71,-69,-68,-86,14
-54,-75,-68,-69,-68,14
-52,-78,-68,-74,-66,14
-52,-86,-68,-69,-80,14
-54,-70,-68,-68,-66,14
-51,-85,-68,-73,-65,14
-54,-72,-68,-71,-65,14
-56,-69,-68,-79,-67,15
-59,-68,-68,-70,-67,15
-57,-68,-69,-67,-66,15
-57,-69,-69,-73,-67,15
-57,-68,-69,-73,-67,15
-57,-67,-76,-70,-68,15
-59,-68,-69,-67,-66,15
-56,-68,-76,-66,-65,15
-57,-71,-71,-67,-68,15
-57,-68,-72,-74,-65,15
