Be01,Be02,Be03,Be04,Be05,Sector
-59,-52,-58,-71,-74,1
-56,-53,-59,-66,-69,1
-58,-53,-57,-67,-66,1
-55,-53,-59,-66,-71,1
-54,-54,-52,-68,-68,1
-59,-55,-62,-73,-64,1
-54,-53,-52,-72,-68,1
-59,-54,-56,-66,-64,1
-58,-54,-55,-73,-74,1
-60,-55,-57,-70,-72,1
-59,-55,-56,-70,-72,1
-55,-55,-56,-72,-63,1
-57,-54,-58,-69,-67,1
-55,-57,-51,-69,-75,1
-63,-54,-62,-74,-63,1
-58,-54,-62,-70,-65,1
-59,-54,-61,-72,-65,1
-54,-55,-63,-73,-72,1
-56,-54,-50,-73,-64,1
-57,-52,-56,-73,-64,1
-56,-54,-57,-74,-64,1
-54,-54,-59,-68,-71,1
-59,-54,-64,-70,-67,1
-58,-52,-51,-73,-63,1
-63,-55,-60,-71,-72,1
-58,-54,-50,-68,-64,1
-59,-53,-57,-74,-65,1
-57,-52,-51,-66,-68,1
-57,-54,-60,-76,-66,1
-56,-53,-51,-69,-75,1
-56,-57,-60,-71,-64,1
-64,-55,-50,-67,-64,1
-57,-53,-59,-73,-67,1
-60,-55,-50,-69,-64,1
-59,-55,-58,-73,-64,1
-63,-53,-60,-71,-66,1
-57,-53,-65,-71,-64,1
-63,-54,-60,-67,-66,1
-55,-53,-57,-71,-73,1
-63,-54,-55,-69,-72,1
-56,-54,-54,-70,-64,1
-60,-53,-58,-72,-65,1
-57,-57,-64,-67,-67,1
-61,-54,-50,-69,-65,1
-56,-53,-57,-71,-65,1
-55,-54,-54,-71,-64,1
-60,-55,-51,-71,-73,1
-56,-52,-61,-71,-64,1
-62,-55,-50,-72,-73,1
-57,-52,-66,-71,-64,1
-57,-57,-58,-69,-67,1
-57,-54,-61,-69,-63,1
-55,-52,-69,-77,-64,1
-58,-54,-68,-70,-66,1
-57,-55,-59,-69,-64,1
-55,-53,-59,-69,-64,1
-58,-57,-67,-68,-67,1
-64,-52,-59,-69,-72,1
-57,-53,-65,-69,-67,1
-56,-52,-60,-70,-65,1
-57,-52,-65,-69,-63,1
-57,-53,-60,-69,-66,1
-56,-52,-50,-69,-63,1
-62,-57,-58,-70,-75,1
-57,-52,-61,-70,-67,1
-63,-54,-63,-69,-63,1
-57,-54,-64,-69,-67,1
-56,-55,-50,-70,-63,1
-57,-52,-64,-69,-67,1
-63,-57,-50,-70,-63,1
-57,-52,-64,-68,-78,1
-63,-57,-50,-70,-63,1
-57,-54,-60,-70,-80,1
-57,-57,-50,-70,-63,1
-58,-54,-60,-68,-80,1
-56,-57,-64,-70,-63,1
-57,-54,-64,-69,-65,1
-57,-52,-50,-70,-68,1
-64,-54,-64,-69,-80,1
-57,-56,-50,-69,-68,1
-63,-53,-60,-69,-78,1
-57,-52,-50,-70,-69,1
-61,-56,-60,-70,-68,1
-56,-52,-50,-69,-80,1
-61,-54,-65,-70,-64,1
-57,-53,-55,-69,-78,1
-56,-53,-60,-69,-64,1
-56,-57,-57,-69,-77,1
-64,-53,-61,-69,-63,1
-57,-53,-50,-69,-70,1
-60,-53,-61,-70,-64,1
-60,-57,-64,-69,-78,1
-60,-54,-64,-69,-78,1
-57,-54,-62,-69,-80,1
-57,-52,-63,-69,-63,1
-60,-55,-59,-69,-67,1
-57,-55,-60,-69,-68,1
-61,-55,-60,-68,-63,1
-57,-52,-50,-69,-65,1
-57,-57,-60,-69,-63,1
-57,-54,-50,-69,-78,1
-60,-55,-65,-68,-77,1
-57,-54,-60,-69,-77,1
-60,-55,-57,-69,-64,1
-64,-57,-50,-70,-78,1
-57,-54,-65,-69,-68,1
-65,-52,-50,-69,-63,1
-57,-55,-60,-69,-68,1
-65,-53,-50,-69,-77,1
-61,-55,-58,-68,-77,1
-56,-55,-60,-70,-64,1
-55,-53,-54,-70,-77,1
-63,-52,-51,-69,-75,1
-58,-55,-64,-70,-75,1
-56,-54,-63,-71,-64,1
-58,-54,-58,-69,-66,1
-60,-54,-54,-69,-71,1
-55,-57,-51,-68,-77,1
-60,-54,-58,-70,-64,1
-62,-52,-66,-71,-67,1
-57,-54,-60,-71,-64,1
-55,-57,-55,-58,-67,2
-53,-56,-53,-66,-69,2
-53,-70,-51,-57,-68,2
-54,-58,-56,-67,-70,2
-51,-56,-51,-55,-66,2
-54,-58,-57,-65,-69,2
-52,-58,-50,-64,-71,2
-55,-59,-51,-63,-71,2
-53,-56,-52,-68,-70,2
-57,-58,-51,-60,-67,2
-53,-64,-54,-63,-71,2
-55,-56,-55,-58,-68,2
-54,-66,-54,-65,-71,2
-69,-57,-54,-60,-67,2
-56,-61,-52,-62,-68,2
-62,-58,-51,-55,-69,2
-56,-59,-50,-71,-68,2
-78,-66,-52,-64,-67,2
-57,-62,-52,-65,-68,2
-59,-62,-53,-58,-71,2
-59,-62,-51,-64,-69,2
-71,-69,-54,-67,-72,2
-67,-59,-61,-56,-71,2
-59,-75,-51,-69,-68,2
-66,-63,-59,-58,-73,2
-76,-59,-51,-60,-68,2
-62,-60,-54,-66,-70,2
-65,-60,-54,-71,-72,2
-58,-62,-54,-58,-67,2
-61,-59,-55,-75,-71,2
-62,-64,-51,-56,-68,2
-59,-58,-53,-72,-72,2
-59,-58,-57,-55,-71,2
-62,-58,-57,-70,-72,2
-62,-57,-50,-62,-71,2
-60,-68,-57,-71,-73,2
-64,-57,-57,-64,-76,2
-62,-59,-51,-67,-66,2
-61,-58,-53,-68,-70,2
-60,-59,-58,-58,-75,2
-66,-57,-54,-68,-70,2
-59,-57,-54,-64,-66,2
-61,-66,-59,-59,-69,2
-63,-58,-58,-63,-67,2
-61,-58,-57,-70,-69,2
-62,-82,-57,-55,-75,2
-62,-58,-59,-70,-75,2
-62,-59,-56,-54,-71,2
-63,-58,-50,-69,-75,2
-62,-58,-58,-63,-71,2
-63,-58,-58,-61,-70,2
-61,-58,-57,-54,-67,2
-61,-58,-60,-69,-71,2
-62,-58,-58,-58,-68,2
-62,-58,-60,-61,-68,2
-62,-57,-57,-69,-66,2
-60,-56,-59,-54,-71,2
-61,-58,-58,-69,-67,2
-60,-58,-58,-66,-73,2
-60,-58,-51,-62,-70,2
-61,-58,-55,-69,-66,2
-60,-58,-55,-64,-68,2
-60,-74,-51,-69,-74,2
-60,-58,-57,-64,-66,2
-61,-58,-54,-60,-70,2
-60,-66,-60,-68,-70,2
-60,-58,-58,-55,-66,2
-63,-66,-50,-65,-74,2
-62,-66,-59,-64,-70,2
-62,-66,-55,-59,-71,2
-59,-56,-51,-55,-67,2
-62,-74,-60,-70,-76,2
-60,-58,-51,-57,-70,2
-62,-57,-58,-58,-77,2
-60,-73,-54,-62,-74,2
-60,-57,-58,-58,-67,2
-59,-61,-55,-58,-74,2
-59,-56,-53,-64,-66,2
-61,-56,-56,-54,-67,2
-59,-57,-59,-71,-70,2
-57,-62,-55,-61,-68,2
-59,-62,-53,-62,-66,2
-54,-57,-58,-53,-67,2
-59,-63,-57,-69,-67,2
-59,-59,-58,-63,-72,2
-57,-61,-59,-66,-77,2
-56,-58,-54,-58,-68,2
-62,-58,-57,-81,-68,2
-59,-58,-57,-73,-69,2
-60,-57,-57,-68,-69,2
-58,-58,-61,-68,-80,3
-55,-58,-61,-61,-76,3
-60,-59,-61,-62,-80,3
-62,-58,-61,-68,-80,3
-56,-58,-60,-68,-78,3
-56,-63,-59,-69,-78,3
-55,-65,-59,-63,-76,3
-64,-62,-61,-68,-77,3
-55,-67,-48,-67,-68,4
-55,-57,-51,-64,-69,4
-60,-57,-53,-62,-67,4
-58,-57,-50,-63,-69,4
-53,-62,-47,-63,-67,4
-58,-56,-47,-66,-67,4
-59,-57,-48,-73,-68,4
-63,-63,-48,-79,-67,4
-59,-67,-48,-62,-67,4
-55,-66,-54,-80,-73,4
-64,-57,-47,-69,-68,4
-55,-66,-54,-84,-73,4
-63,-64,-48,-69,-70,4
-62,-57,-54,-62,-68,4
-53,-61,-50,-78,-67,4
-54,-63,-50,-63,-67,4
-55,-63,-46,-62,-68,4
-57,-64,-48,-76,-67,4
-56,-63,-47,-69,-66,4
-57,-62,-53,-62,-66,4
-63,-59,-51,-62,-66,4
-59,-61,-54,-82,-66,4
-53,-62,-47,-89,-74,4
-57,-59,-54,-76,-67,4
-63,-62,-50,-65,-67,4
-61,-62,-49,-78,-70,4
-55,-57,-47,-69,-71,4
-57,-67,-48,-62,-75,4
-53,-57,-46,-69,-66,4
-56,-67,-54,-63,-71,4
-65,-57,-46,-86,-67,4
-61,-61,-52,-63,-71,4
-57,-62,-48,-69,-68,4
-65,-62,-54,-86,-67,4
-60,-57,-51,-69,-67,4
-57,-67,-48,-85,-67,4
-53,-57,-46,-63,-75,4
-57,-62,-48,-69,-67,4
-65,-57,-46,-76,-67,4
-57,-62,-49,-84,-67,4
-65,-62,-50,-62,-73,4
-60,-62,-50,-69,-71,4
-55,-57,-49,-81,-67,4
-64,-62,-46,-63,-67,4
-54,-57,-49,-68,-74,4
-64,-62,-46,-63,-67,4
-55,-66,-54,-68,-67,4
-65,-62,-46,-79,-67,4
-55,-61,-50,-80,-67,4
-54,-56,-50,-82,-66,4
-65,-66,-50,-66,-67,4
-53,-57,-54,-63,-67,4
-53,-62,-46,-81,-73,4
-65,-67,-54,-63,-67,4
-55,-62,-46,-69,-71,4
-65,-62,-54,-66,-67,4
-56,-57,-46,-62,-74,4
-62,-61,-50,-82,-66,4
-55,-56,-48,-63,-67,4
-54,-61,-54,-82,-67,4
-60,-59,-50,-81,-67,4
-59,-62,-50,-83,-71,4
-53,-59,-50,-69,-67,4
-56,-56,-46,-81,-67,4
-65,-63,-54,-69,-75,4
-65,-57,-49,-81,-67,4
-53,-62,-54,-69,-74,4
-65,-56,-47,-66,-74,4
-53,-59,-46,-81,-67,4
-55,-61,-51,-75,-67,4
-59,-62,-46,-81,-67,4
-65,-59,-54,-63,-67,4
-56,-64,-51,-63,-67,4
-59,-67,-47,-80,-70,4
-59,-62,-51,-81,-70,4
-59,-62,-50,-81,-70,4
-56,-62,-54,-69,-67,4
-65,-67,-50,-81,-67,4
-56,-57,-46,-62,-67,4
-65,-67,-54,-69,-74,4
-56,-62,-47,-63,-67,4
-56,-62,-48,-69,-67,4
-65,-67,-47,-80,-67,4
-53,-62,-54,-69,-67,4
-55,-67,-48,-80,-67,4
-56,-62,-54,-69,-74,4
-64,-61,-47,-71,-70,4
-60,-56,-47,-69,-67,4
-55,-61,-48,-81,-67,4
-65,-57,-54,-63,-75,4
-53,-61,-50,-66,-70,4
-65,-66,-48,-69,-67,4
-59,-56,-48,-65,-66,4
-53,-66,-47,-62,-67,4
-59,-64,-51,-75,-74,4
-53,-57,-47,-80,-67,4
-65,-62,-54,-62,-74,4
-60,-59,-48,-65,-69,4
-55,-57,-47,-63,-67,4
-53,-62,-48,-80,-67,4
-53,-64,-46,-63,-67,4
-55,-67,-54,-69,-74,4
-53,-62,-46,-63,-67,4
-56,-67,-54,-68,-74,4
-53,-62,-46,-81,-67,4
-55,-67,-48,-68,-74,4
-53,-57,-49,-65,-67,4
-55,-67,-54,-62,-74,4
-53,-57,-49,-67,-67,4
-53,-64,-46,-62,-70,4
-66,-62,-54,-69,-74,4
-55,-67,-46,-79,-67,4
-56,-62,-50,-74,-70,4
-53,-61,-50,-72,-67,4
-55,-61,-47,-66,-70,4
-66,-67,-48,-63,-74,4
-55,-61,-49,-69,-67,4
-65,-57,-46,-81,-67,4
-59,-57,-48,-69,-70,4
-59,-57,-50,-66,-70,4
-54,-66,-48,-75,-74,4
-54,-61,-49,-65,-67,4
-54,-62,-50,-74,-67,4
-66,-62,-47,-80,-67,4
-53,-57,-54,-69,-67,4
-53,-62,-46,-81,-67,4
-55,-67,-49,-69,-74,4
-53,-62,-46,-69,-67,4
-53,-59,-48,-71,-67,4
-53,-64,-50,-66,-70,4
-66,-57,-54,-69,-73,4
-53,-62,-47,-62,-67,4
-66,-67,-54,-69,-73,4
-56,-63,-47,-62,-67,4
-66,-57,-54,-69,-67,4
-55,-62,-47,-62,-67,4
-66,-67,-54,-69,-67,4
-55,-56,-47,-80,-74,4
-66,-62,-54,-69,-67,4
-53,-62,-50,-62,-70,4
-53,-57,-49,-63,-67,4
-55,-62,-54,-67,-67,4
-66,-56,-50,-65,-67,4
-55,-67,-48,-63,-67,4
-55,-61,-56,-69,-74,5
-57,-63,-56,-68,-71,5
-61,-61,-53,-65,-77,5
-62,-65,-55,-67,-71,5
-57,-60,-52,-67,-74,5
-65,-63,-54,-65,-76,5
-58,-60,-52,-69,-71,5
-69,-62,-51,-73,-73,5
-61,-59,-50,-71,-68,5
-62,-61,-51,-67,-72,5
-67,-60,-53,-70,-70,5
-64,-61,-55,-66,-74,5
-56,-62,-55,-69,-84,5
-63,-58,-57,-67,-70,5
-60,-62,-54,-69,-81,5
-66,-59,-51,-70,-71,5
-60,-61,-51,-66,-71,5
-57,-62,-54,-69,-72,5
-60,-63,-52,-66,-72,5
-58,-59,-55,-67,-76,5
-59,-63,-54,-64,-69,5
-58,-59,-52,-66,-78,5
-58,-65,-53,-69,-78,5
-59,-61,-51,-65,-74,5
-58,-66,-51,-74,-73,5
-59,-60,-52,-65,-78,5
-57,-63,-53,-75,-72,5
-58,-62,-53,-63,-73,5
-53,-67,-52,-67,-75,5
-65,-60,-51,-68,-70,5
-50,-65,-53,-65,-76,5
-54,-60,-53,-77,-71,5
-51,-64,-52,-64,-81,5
-65,-62,-52,-76,-69,5
-51,-64,-53,-65,-79,5
-57,-61,-53,-63,-72,5
-60,-62,-54,-67,-72,5
-56,-61,-51,-74,-69,5
-54,-62,-51,-63,-77,5
-58,-60,-53,-66,-70,5
-55,-62,-51,-62,-69,5
-57,-65,-53,-65,-70,5
-55,-63,-51,-76,-71,5
-50,-62,-51,-71,-73,5
-57,-68,-53,-67,-72,5
-54,-60,-51,-69,-74,5
-57,-59,-52,-72,-75,5
-52,-63,-51,-65,-77,5
-60,-61,-51,-63,-78,5
-52,-63,-52,-65,-74,5
-54,-61,-52,-72,-69,5
-52,-59,-52,-66,-77,5
-71,-62,-52,-71,-77,5
-51,-61,-53,-63,-82,5
-86,-63,-52,-71,-72,5
-57,-61,-52,-67,-75,5
-57,-62,-53,-68,-74,5
-53,-61,-52,-67,-84,5
-60,-63,-52,-73,-74,5
-54,-63,-52,-65,-78,5
-68,-64,-51,-73,-71,5
-55,-60,-51,-74,-77,5
-54,-63,-52,-66,-71,5
-65,-64,-52,-75,-71,5
-52,-61,-52,-65,-86,5
-61,-61,-52,-68,-72,5
-69,-58,-53,-69,-87,5
-52,-64,-51,-64,-74,5
-55,-59,-53,-72,-81,5
-52,-63,-51,-73,-73,5
-67,-63,-54,-63,-79,5
-54,-63,-51,-77,-73,5
-66,-59,-52,-69,-74,5
-52,-63,-54,-74,-79,5
-54,-63,-51,-68,-72,5
-54,-63,-51,-74,-70,5
-58,-63,-51,-68,-72,5
-65,-63,-52,-64,-82,5
-52,-63,-53,-73,-72,5
-58,-63,-52,-64,-77,5
-65,-64,-51,-73,-71,5
-52,-63,-53,-69,-72,5
-59,-59,-52,-69,-71,5
-53,-61,-52,-68,-76,5
-59,-63,-52,-68,-76,5
-57,-63,-51,-64,-72,5
-65,-63,-51,-72,-80,5
-52,-59,-52,-64,-71,5
-65,-63,-53,-66,-76,5
-66,-61,-51,-68,-72,5
-52,-59,-52,-73,-80,5
-66,-59,-52,-64,-71,5
-54,-64,-53,-73,-72,5
-54,-63,-52,-68,-80,5
-54,-61,-52,-66,-80,5
-66,-64,-51,-68,-72,5
-52,-61,-52,-68,-71,5
-66,-59,-53,-64,-71,5
-60,-64,-51,-73,-71,5
-52,-62,-51,-67,-71,5
-66,-63,-53,-69,-72,5
-52,-64,-52,-64,-80,5
-65,-58,-51,-68,-71,5
-52,-64,-52,-71,-81,5
-66,-58,-51,-68,-70,5
-52,-61,-52,-64,-71,5
-66,-64,-53,-73,-79,5
-54,-58,-52,-65,-71,5
-54,-63,-51,-67,-72,5
-54,-64,-52,-71,-79,5
-59,-63,-51,-69,-75,5
-65,-63,-53,-73,-72,5
-52,-63,-51,-68,-80,5
-60,-63,-51,-69,-71,5
-65,-63,-52,-65,-72,5
-54,-64,-51,-73,-72,5
-54,-61,-52,-68,-71,5
-54,-61,-52,-68,-71,5
-52,-63,-52,-68,-72,5
-53,-62,-52,-68,-72,5
-66,-63,-51,-65,-82,5
-56,-59,-52,-68,-76,5
-66,-62,-51,-64,-70,5
-52,-59,-52,-64,-75,5
-54,-63,-51,-72,-78,5
-54,-63,-52,-67,-73,5
-54,-63,-51,-66,-75,5
-67,-59,-53,-68,-80,5
-54,-64,-52,-64,-72,5
-52,-63,-51,-64,-72,5
-54,-62,-51,-72,-72,5
-59,-58,-52,-64,-72,5
-54,-64,-53,-73,-72,5
-66,-59,-52,-64,-72,5
-52,-63,-53,-73,-72,5
-54,-59,-52,-68,-79,5
-53,-61,-52,-68,-72,5
-52,-63,-52,-73,-79,5
-54,-64,-51,-68,-72,5
-67,-63,-52,-72,-72,5
-52,-63,-51,-64,-73,5
-67,-63,-51,-72,-79,5
-54,-63,-52,-68,-72,5
-60,-61,-52,-64,-72,5
-67,-59,-51,-66,-78,5
-52,-64,-53,-71,-71,5
-67,-58,-52,-64,-79,5
-53,-60,-51,-69,-80,5
-59,-62,-51,-64,-72,5
-60,-64,-51,-73,-76,5
-50,-63,-51,-65,-75,5
-59,-59,-52,-68,-76,5
-54,-64,-53,-73,-72,5
-60,-63,-51,-64,-73,5
-54,-59,-52,-66,-76,5
-54,-63,-51,-68,-72,5
-54,-61,-51,-67,-75,5
-52,-63,-51,-66,-71,5
-54,-63,-52,-64,-79,5
-52,-64,-53,-72,-72,5
-54,-59,-52,-64,-79,5
-52,-63,-52,-68,-72,5
-54,-59,-52,-64,-79,5
-52,-63,-53,-73,-72,5
-67,-64,-52,-64,-79,5
-54,-63,-52,-73,-71,5
-67,-64,-51,-64,-79,5
-52,-63,-52,-68,-72,5
-67,-64,-51,-73,-79,5
-52,-61,-51,-73,-76,5
-52,-61,-51,-68,-76,5
-67,-64,-52,-67,-72,5
-59,-63,-52,-68,-76,5
-52,-62,-53,-73,-79,5
-60,-64,-51,-64,-73,5
-59,-62,-51,-68,-72,5
-52,-64,-52,-73,-79,5
-67,-58,-51,-68,-72,5
-52,-63,-52,-64,-79,5
-67,-58,-51,-68,-73,5
-53,-64,-53,-68,-79,5
-67,-59,-51,-73,-73,5
-52,-63,-52,-64,-79,5
-54,-59,-51,-72,-73,5
-67,-64,-53,-64,-79,5
-52,-59,-52,-68,-73,5
-67,-64,-51,-64,-72,5
-54,-59,-53,-73,-72,5
-67,-64,-51,-63,-72,5
-53,-61,-52,-64,-72,5
-67,-59,-53,-73,-79,5
-52,-63,-51,-64,-73,5
-53,-63,-52,-64,-72,5
-54,-63,-53,-67,-72,5
-60,-64,-53,-67,-76,5
-67,-63,-51,-64,-72,5
-52,-63,-53,-73,-74,5
-60,-63,-52,-64,-73,5
-54,-61,-51,-68,-73,5
-60,-63,-52,-70,-72,5
-54,-59,-52,-64,-71,5
-53,-63,-52,-70,-72,5
-52,-63,-53,-64,-77,5
-54,-59,-52,-73,-72,5
-54,-63,-52,-70,-77,5
-66,-59,-53,-65,-77,5
-51,-63,-53,-74,-73,5
-54,-60,-53,-67,-75,5
-54,-61,-51,-67,-73,5
-60,-63,-51,-70,-73,5
-67,-61,-53,-67,-74,5
-59,-61,-51,-66,-72,5
-53,-63,-51,-72,-72,5
-54,-62,-52,-66,-74,5
-59,-63,-52,-67,-75,5
-67,-63,-51,-74,-78,5
-54,-63,-52,-64,-74,5
-67,-63,-51,-74,-72,5
-52,-63,-52,-67,-74,5
-59,-63,-52,-67,-72,5
-60,-62,-53,-64,-73,5
-60,-63,-52,-69,-73,5
-53,-62,-52,-65,-75,5
-52,-59,-51,-64,-77,5
-54,-63,-53,-73,-73,5
-60,-63,-51,-68,-75,5
-67,-59,-52,-64,-73,5
-67,-63,-53,-73,-78,5
-66,-60,-53,-58,-66,6
-67,-59,-64,-59,-68,6
-73,-62,-53,-59,-68,6
-67,-59,-63,-58,-67,6
-81,-59,-60,-59,-66,6
-59,-61,-62,-57,-67,6
-68,-59,-53,-58,-69,6
-73,-61,-53,-58,-67,6
-71,-61,-53,-58,-67,6
-66,-59,-52,-59,-66,6
-59,-59,-62,-58,-69,6
-75,-61,-52,-58,-66,6
-59,-61,-62,-57,-69,6
-60,-59,-52,-58,-69,6
-67,-58,-61,-58,-70,6
-60,-59,-52,-57,-70,6
-78,-60,-61,-57,-66,6
-59,-60,-55,-57,-66,6
-78,-59,-52,-58,-69,6
-64,-60,-61,-58,-67,6
-67,-60,-52,-58,-66,6
-58,-60,-60,-58,-66,6
-58,-60,-51,-58,-69,6
-58,-61,-51,-58,-67,6
-59,-63,-57,-59,-69,6
-67,-63,-51,-58,-69,6
-60,-62,-55,-59,-66,6
-55,-64,-57,-59,-66,6
-64,-60,-51,-58,-69,6
-62,-62,-58,-57,-67,6
-56,-60,-59,-58,-69,6
-54,-62,-58,-58,-64,6
-58,-61,-63,-57,-68,6
-67,-60,-56,-58,-65,6
-69,-61,-70,-58,-65,6
-60,-62,-59,-60,-69,6
-61,-60,-64,-59,-67,6
-70,-61,-74,-59,-71,6
-61,-59,-59,-58,-69,6
-64,-60,-55,-59,-63,6
-61,-60,-58,-58,-67,6
-77,-61,-59,-59,-65,6
-61,-61,-57,-60,-71,6
-65,-62,-59,-59,-66,6
-58,-61,-59,-59,-64,6
-61,-62,-54,-60,-65,6
-64,-61,-56,-58,-66,6
-68,-61,-52,-58,-67,6
-65,-62,-60,-59,-69,6
-52,-60,-57,-58,-67,6
-64,-65,-57,-58,-70,6
-65,-63,-55,-59,-69,6
-64,-64,-58,-59,-66,6
-52,-67,-59,-60,-70,6
-52,-63,-56,-59,-68,6
-59,-61,-59,-58,-67,6
-62,-60,-61,-59,-67,6
-52,-59,-55,-58,-67,6
-61,-63,-53,-59,-66,6
-62,-59,-59,-58,-67,6
-70,-59,-58,-58,-65,6
-62,-60,-58,-58,-66,6
-51,-61,-62,-59,-69,6
-82,-61,-53,-59,-68,6
-72,-61,-58,-59,-70,6
-52,-60,-53,-59,-68,6
-74,-62,-57,-59,-68,6
-62,-60,-52,-58,-69,6
-77,-61,-53,-60,-68,6
-52,-61,-59,-59,-67,6
-60,-62,-60,-58,-68,6
-75,-61,-58,-58,-67,6
-61,-63,-61,-59,-68,6
-62,-64,-58,-58,-69,6
-61,-62,-57,-59,-65,6
-52,-59,-62,-59,-69,6
-72,-62,-53,-59,-66,6
-52,-59,-53,-59,-67,6
-66,-61,-60,-59,-65,6
-63,-61,-60,-59,-66,6
-69,-62,-52,-59,-68,6
-63,-59,-62,-59,-65,6
-52,-60,-56,-59,-69,6
-82,-60,-52,-58,-68,6
-66,-59,-56,-58,-69,6
-61,-62,-58,-58,-65,6
-61,-62,-52,-58,-66,6
-66,-61,-55,-58,-65,6
-52,-62,-57,-59,-67,6
-79,-62,-53,-59,-68,6
-52,-61,-53,-59,-66,6
-66,-59,-53,-58,-68,6
-52,-60,-59,-58,-68,6
-52,-60,-56,-58,-66,6
-52,-61,-56,-58,-68,6
-60,-62,-53,-58,-65,6
-52,-61,-59,-58,-67,6
-52,-60,-56,-59,-67,6
-60,-59,-59,-59,-66,6
-52,-62,-53,-59,-68,6
-60,-59,-60,-58,-67,6
-60,-62,-55,-58,-65,6
-52,-60,-53,-58,-66,6
-60,-62,-56,-58,-67,6
-49,-60,-60,-57,-68,6
-52,-62,-59,-59,-68,6
-60,-62,-60,-58,-68,6
-86,-60,-53,-59,-68,6
-60,-59,-53,-59,-68,6
-72,-59,-56,-58,-66,6
-68,-59,-53,-58,-67,6
-68,-62,-53,-59,-68,6
-52,-60,-59,-58,-65,6
-81,-61,-56,-58,-68,6
-52,-62,-53,-59,-65,6
-52,-60,-59,-58,-67,6
-66,-60,-57,-58,-68,6
-81,-62,-56,-59,-68,6
-52,-62,-60,-59,-65,6
-60,-60,-53,-58,-68,6
-60,-62,-59,-58,-68,6
-52,-61,-57,-59,-67,6
-72,-62,-56,-58,-68,6
-82,-59,-56,-58,-68,6
-70,-62,-53,-58,-68,6
-70,-60,-53,-59,-68,6
-60,-61,-60,-59,-67,6
-60,-62,-53,-59,-69,6
-60,-62,-60,-58,-66,6
-52,-62,-53,-59,-67,6
-60,-60,-56,-59,-68,6
-60,-60,-59,-59,-67,6
-52,-59,-59,-58,-66,6
-52,-62,-60,-59,-68,6
-52,-61,-57,-58,-67,6
-52,-60,-57,-58,-68,6
-52,-62,-56,-58,-68,6
-86,-59,-59,-59,-65,6
-56,-60,-57,-58,-65,6
-56,-62,-55,-58,-68,6
-60,-62,-61,-58,-66,6
-52,-62,-53,-57,-68,6
-60,-62,-61,-58,-66,6
-52,-62,-59,-58,-69,6
-52,-62,-59,-58,-66,6
-52,-60,-56,-59,-67,6
-52,-62,-59,-58,-67,6
-60,-59,-53,-58,-66,6
-52,-62,-60,-59,-66,6
-56,-59,-57,-59,-68,6
-60,-60,-55,-59,-67,6
-81,-62,-59,-57,-68,6
-60,-59,-53,-59,-68,6
-81,-60,-59,-58,-67,6
-60,-62,-60,-59,-68,6
-52,-60,-60,-58,-68,6
-52,-61,-60,-59,-68,6
-82,-59,-59,-59,-66,6
-52,-62,-61,-59,-68,6
-52,-60,-57,-58,-67,6
-52,-62,-60,-58,-67,6
-60,-62,-59,-59,-67,6
-52,-61,-53,-59,-67,6
-59,-62,-61,-59,-69,6
-61,-61,-59,-59,-66,6
-80,-61,-60,-58,-66,6
-56,-61,-59,-58,-66,6
-59,-62,-59,-57,-66,6
-71,-60,-58,-59,-68,6
-52,-62,-60,-59,-69,6
-52,-59,-58,-58,-69,6
-69,-61,-60,-59,-66,6
-61,-60,-57,-59,-67,6
-52,-62,-60,-60,-68,6
-70,-61,-62,-59,-65,6
-53,-61,-59,-59,-69,6
-53,-61,-58,-59,-66,6
-69,-61,-52,-59,-65,6
-52,-63,-58,-58,-68,6
-52,-63,-61,-58,-66,6
-61,-61,-56,-58,-68,6
-63,-61,-56,-59,-67,6
-58,-74,-55,-66,-67,7
-66,-64,-56,-81,-68,7
-52,-72,-53,-67,-71,8
-52,-64,-51,-66,-77,8
-53,-74,-54,-67,-71,8
-52,-62,-51,-64,-78,8
-52,-74,-49,-65,-75,8
-52,-63,-54,-67,-74,8
-52,-73,-51,-67,-77,8
-52,-69,-51,-65,-79,8
-52,-66,-52,-65,-74,8
-53,-68,-51,-67,-74,8
-52,-73,-54,-64,-73,8
-51,-68,-51,-66,-73,8
-52,-68,-52,-65,-74,8
-53,-73,-49,-64,-76,8
-52,-73,-52,-66,-76,8
-53,-64,-51,-64,-75,8
-52,-73,-51,-66,-75,8
-53,-64,-54,-66,-77,8
-52,-68,-50,-66,-76,8
-52,-68,-51,-64,-79,8
-52,-64,-54,-67,-75,8
-51,-74,-50,-66,-78,8
-53,-69,-51,-66,-77,8
-52,-64,-50,-67,-75,8
-53,-68,-54,-63,-77,8
-52,-68,-50,-67,-78,8
-52,-70,-50,-66,-76,8
-52,-73,-51,-66,-75,8
-53,-64,-54,-66,-75,8
-52,-74,-51,-64,-75,8
-53,-68,-52,-64,-74,8
-52,-64,-50,-67,-73,8
-52,-73,-51,-64,-75,8
-52,-66,-50,-66,-74,8
-53,-64,-49,-64,-73,8
-52,-68,-54,-66,-75,8
-53,-72,-51,-67,-76,8
-55,-72,-57,-76,-67,9
-53,-77,-58,-67,-68,10
-53,-77,-58,-82,-68,10
-53,-75,-59,-66,-63,10
-52,-73,-53,-73,-69,10
-52,-75,-57,-69,-65,10
-53,-77,-58,-69,-67,10
-55,-80,-58,-71,-69,10
-55,-82,-61,-67,-66,10
-53,-82,-56,-66,-65,10
-53,-79,-59,-68,-65,10
-52,-82,-56,-68,-65,10
-55,-74,-62,-73,-69,10
-53,-79,-57,-86,-65,10
-53,-87,-63,-67,-65,10
-52,-77,-56,-68,-65,10
-54,-87,-56,-72,-71,10
-52,-82,-56,-76,-66,10
-54,-74,-54,-71,-64,10
-53,-76,-56,-75,-66,10
-54,-78,-54,-71,-68,10
-53,-75,-54,-68,-66,10
-53,-74,-56,-74,-66,10
-53,-74,-61,-69,-64,10
-54,-77,-56,-71,-64,10
-54,-72,-61,-73,-68,10
-54,-73,-56,-68,-65,10
-53,-78,-62,-72,-68,10
-54,-75,-56,-67,-65,10
-52,-71,-63,-68,-65,10
-53,-79,-56,-75,-68,10
-54,-82,-64,-83,-66,10
-52,-71,-55,-74,-65,10
-52,-76,-56,-68,-65,10
-53,-80,-57,-67,-66,10
-52,-77,-56,-81,-65,10
-53,-74,-56,-73,-65,10
-53,-77,-56,-75,-65,10
-53,-77,-59,-71,-65,10
-53,-69,-57,-74,-65,10
-53,-73,-56,-83,-69,10
-53,-77,-60,-66,-66,10
-54,-76,-56,-68,-67,10
-52,-76,-63,-74,-65,10
-53,-83,-56,-78,-65,10
-54,-74,-59,-66,-67,10
-53,-80,-57,-67,-69,10
-54,-77,-55,-69,-63,10
-53,-75,-56,-74,-69,10
-53,-78,-56,-76,-65,10
-52,-75,-56,-71,-68,10
-52,-83,-56,-80,-65,10
-52,-75,-59,-73,-65,10
-54,-77,-59,-70,-65,10
-53,-75,-56,-73,-67,10
-52,-75,-56,-68,-69,10
-53,-80,-57,-73,-64,10
-54,-74,-56,-68,-66,10
-52,-76,-56,-71,-66,10
-53,-73,-62,-71,-65,10
-52,-74,-57,-75,-67,10
-52,-75,-56,-75,-65,10
-53,-77,-59,-77,-66,10
-53,-76,-57,-74,-65,10
-52,-80,-62,-67,-66,10
-52,-78,-59,-67,-65,10
-52,-78,-61,-74,-68,10
-53,-75,-55,-77,-65,10
-52,-76,-62,-70,-67,10
-51,-77,-58,-66,-67,10
-54,-78,-57,-75,-65,10
-52,-75,-62,-66,-68,10
-52,-77,-56,-74,-65,10
-52,-75,-62,-68,-70,10
-52,-77,-59,-68,-67,10
-53,-77,-56,-74,-65,10
-53,-77,-55,-75,-69,10
-54,-77,-55,-74,-67,10
-54,-76,-57,-66,-64,10
-53,-78,-59,-72,-67,10
-52,-77,-62,-76,-65,10
-57,-67,-50,-68,-67,11
-54,-67,-52,-66,-67,11
-51,-62,-51,-65,-67,11
-48,-65,-54,-64,-65,11
-56,-61,-54,-69,-65,11
-53,-63,-53,-65,-61,11
-46,-69,-54,-65,-60,11
-50,-64,-53,-70,-64,11
-46,-68,-56,-65,-58,11
-54,-62,-54,-71,-58,11
-48,-63,-53,-65,-66,11
-51,-67,-53,-70,-63,11
-58,-66,-53,-69,-63,11
-53,-70,-50,-66,-59,11
-56,-68,-53,-68,-66,11
-49,-62,-53,-66,-66,11
-51,-63,-53,-66,-59,11
-48,-69,-54,-65,-57,11
-53,-69,-55,-70,-59,11
-47,-62,-50,-69,-68,11
-57,-69,-55,-66,-59,11
-47,-65,-54,-69,-68,11
-50,-68,-55,-65,-59,11
-51,-66,-54,-67,-67,11
-47,-65,-54,-65,-65,11
-50,-68,-51,-69,-66,11
-52,-66,-51,-66,-65,11
-47,-66,-55,-70,-64,11
-52,-67,-51,-66,-65,11
-51,-68,-53,-63,-63,11
-50,-62,-53,-67,-68,11
-47,-68,-51,-69,-60,11
-53,-67,-55,-65,-69,11
-59,-69,-51,-71,-68,11
-53,-67,-55,-68,-64,11
-47,-63,-55,-64,-62,11
-58,-69,-55,-72,-62,11
-53,-68,-55,-68,-64,11
-52,-67,-50,-67,-65,11
-58,-62,-57,-68,-65,11
-47,-64,-48,-66,-64,11
-60,-62,-54,-67,-69,11
-48,-67,-51,-69,-72,11
-55,-66,-52,-72,-65,11
-47,-65,-54,-67,-66,11
-56,-63,-51,-70,-61,11
-55,-64,-54,-68,-63,11
-56,-65,-55,-69,-61,11
-56,-63,-51,-68,-70,11
-61,-63,-60,-71,-60,11
-66,-65,-56,-68,-73,11
-65,-65,-52,-69,-63,11
-65,-64,-50,-73,-68,11
-60,-64,-56,-68,-75,11
-63,-63,-62,-68,-71,11
-62,-64,-58,-67,-72,11
-61,-62,-64,-67,-70,11
-72,-63,-58,-67,-72,11
-62,-68,-54,-67,-71,11
-68,-63,-58,-67,-71,11
-62,-67,-60,-66,-71,11
-63,-63,-59,-69,-64,11
-64,-64,-55,-67,-66,11
-63,-66,-55,-67,-67,11
-62,-68,-67,-68,-70,11
-63,-65,-60,-68,-71,11
-63,-65,-65,-68,-70,11
-62,-65,-58,-68,-63,11
-63,-64,-62,-70,-69,11
-62,-63,-57,-70,-75,11
-60,-65,-61,-66,-69,11
-63,-66,-52,-67,-75,11
-64,-65,-51,-66,-76,11
-64,-64,-54,-69,-63,11
-71,-66,-57,-68,-72,11
-65,-65,-59,-72,-71,11
-63,-66,-63,-67,-63,11
-56,-63,-53,-69,-72,11
-58,-65,-53,-68,-66,11
-59,-62,-51,-70,-72,11
-53,-65,-55,-72,-66,11
-54,-64,-54,-69,-71,11
-55,-62,-57,-71,-60,11
-61,-63,-51,-71,-60,11
-53,-66,-52,-66,-72,11
-50,-64,-51,-68,-66,11
-51,-62,-52,-67,-72,11
-49,-63,-54,-67,-68,11
-55,-68,-56,-66,-62,11
-49,-68,-54,-66,-61,11
-50,-65,-56,-68,-58,11
-55,-62,-54,-68,-70,11
-51,-62,-55,-65,-60,11
-57,-67,-57,-68,-66,11
-47,-62,-52,-67,-68,11
-52,-63,-54,-67,-66,11
-53,-67,-50,-65,-67,11
-53,-64,-51,-65,-68,11
-49,-62,-51,-68,-63,11
-52,-65,-54,-68,-63,11
-56,-65,-57,-67,-62,11
-54,-67,-60,-72,-71,11
-56,-66,-58,-67,-66,11
-47,-66,-63,-72,-73,11
-51,-71,-57,-73,-77,12
-51,-68,-63,-68,-60,12
-56,-70,-58,-72,-76,12
-56,-69,-60,-66,-62,12
-50,-70,-61,-71,-61,12
-51,-73,-62,-68,-60,12
-58,-70,-58,-74,-62,12
-56,-74,-61,-67,-67,12
-51,-71,-63,-71,-62,12
-50,-70,-65,-73,-75,12
-51,-73,-57,-71,-60,12
-54,-73,-60,-71,-71,12
-50,-70,-64,-72,-62,12
-51,-72,-57,-72,-60,12
-58,-69,-56,-67,-72,13
-58,-72,-60,-68,-63,13
-58,-69,-55,-67,-71,13
-60,-72,-53,-68,-62,13
-58,-72,-55,-67,-66,13
-58,-73,-54,-68,-70,13
-63,-69,-60,-67,-62,13
-63,-69,-57,-68,-71,13
-58,-70,-60,-67,-67,13
-59,-72,-59,-67,-67,13
-56,-72,-60,-69,-66,13
-56,-69,-53,-67,-70,13
-64,-72,-55,-68,-64,13
-57,-69,-56,-68,-64,13
-61,-72,-60,-68,-66,13
-60,-72,-61,-68,-69,13
-63,-70,-60,-66,-66,13
-58,-71,-60,-68,-66,13
-57,-68,-53,-68,-69,13
-62,-72,-60,-68,-62,13
-59,-68,-60,-67,-69,13
-62,-71,-55,-68,-69,13
-57,-70,-53,-67,-69,13
-56,-71,-54,-66,-66,13
-57,-68,-58,-67,-66,13
-57,-69,-57,-66,-66,13
-54,-68,-54,-67,-70,13
-59,-78,-56,-71,-72,13
-62,-69,-53,-66,-69,13
-58,-69,-54,-68,-66,13
-55,-76,-58,-72,-70,13
-58,-68,-54,-65,-70,13
-54,-70,-55,-68,-63,13
-56,-77,-60,-68,-69,13
-60,-70,-61,-66,-67,13
-60,-69,-54,-69,-66,13
-60,-69,-55,-68,-68,13
-69,-72,-55,-69,-65,13
-59,-72,-52,-68,-66,13
-58,-75,-58,-69,-66,13
-59,-72,-55,-68,-66,13
-58,-75,-55,-68,-65,13
-60,-76,-53,-67,-72,13
-50,-71,-58,-70,-74,13
-57,-67,-55,-67,-63,13
-64,-65,-60,-65,-78,13
-57,-83,-65,-68,-75,13
-65,-68,-53,-66,-61,13
-63,-77,-58,-66,-67,13
-57,-67,-57,-65,-69,13
-57,-71,-54,-66,-69,13
-73,-75,-56,-68,-68,13
-59,-66,-54,-75,-68,13
-66,-72,-54,-69,-65,13
-61,-73,-61,-71,-64,13
-66,-74,-61,-71,-65,13
-68,-66,-56,-68,-66,13
-68,-74,-53,-73,-74,13
-62,-66,-62,-68,-66,13
-70,-66,-62,-68,-68,13
-62,-74,-62,-68,-73,13
-61,-74,-59,-74,-70,13
-67,-74,-54,-68,-67,13
-60,-66,-57,-68,-73,13
-60,-66,-55,-68,-73,13
-60,-74,-62,-68,-67,13
-59,-75,-53,-68,-68,13
-74,-65,-59,-67,-67,13
-59,-74,-62,-67,-69,13
-70,-73,-61,-68,-72,13
-58,-74,-59,-72,-72,13
-60,-66,-55,-69,-66,13
-74,-72,-55,-68,-66,13
-58,-73,-55,-67,-66,13
-63,-73,-55,-68,-68,13
-58,-66,-55,-69,-67,13
-70,-66,-61,-66,-71,13
-66,-72,-60,-69,-68,13
-63,-72,-57,-67,-68,13
-61,-66,-55,-66,-67,13
-58,-72,-57,-66,-71,13
-71,-66,-53,-68,-66,13
-68,-65,-55,-66,-69,13
-59,-72,-57,-68,-72,13
-58,-66,-57,-72,-67,13
-58,-66,-59,-67,-69,13
-70,-73,-57,-67,-71,13
-65,-66,-55,-67,-67,13
-58,-74,-55,-68,-72,13
-65,-65,-55,-68,-66,13
-58,-73,-53,-68,-68,13
-64,-73,-57,-66,-72,13
-58,-65,-56,-66,-71,13
-77,-65,-56,-66,-69,13
-61,-69,-59,-68,-66,13
-75,-65,-53,-65,-72,13
-59,-72,-58,-66,-66,13
-63,-72,-54,-65,-68,13
-69,-72,-55,-66,-68,13
-75,-66,-59,-67,-72,13
-63,-74,-55,-65,-66,13
-69,-68,-58,-65,-67,13
-57,-72,-59,-71,-72,13
-55,-69,-59,-65,-67,13
-63,-72,-58,-65,-66,13
-66,-72,-56,-66,-68,13
-59,-72,-59,-66,-67,13
-68,-65,-59,-69,-66,13
-63,-65,-60,-67,-68,13
-70,-66,-55,-68,-68,13
-60,-84,-55,-66,-67,13
-60,-69,-53,-68,-67,13
-58,-72,-57,-68,-70,13
-69,-66,-61,-71,-71,13
-58,-73,-61,-67,-67,13
-70,-69,-55,-69,-65,13
-61,-69,-53,-68,-67,13
-63,-71,-57,-66,-70,13
-72,-72,-54,-67,-68,13
-65,-72,-55,-68,-69,13
-71,-68,-57,-72,-81,13
-58,-74,-56,-74,-64,14
-58,-71,-58,-80,-65,14
-50,-77,-57,-79,-64,14
-67,-73,-57,-77,-64,14
-54,-69,-55,-71,-65,14
-60,-72,-56,-74,-64,14
-52,-73,-59,-66,-62,14
-54,-69,-58,-70,-65,14
-52,-73,-55,-69,-64,14
-52,-71,-56,-79,-62,14
-48,-74,-57,-71,-63,14
-53,-72,-56,-66,-63,14
-53,-73,-55,-67,-64,14
-54,-69,-55,-66,-63,14
-54,-72,-59,-70,-63,14
-49,-71,-56,-67,-62,14
-55,-73,-58,-67,-65,14
-51,-69,-57,-68,-62,14
-53,-73,-55,-81,-63,14
-52,-75,-56,-78,-64,14
-51,-77,-57,-72,-63,14
-54,-69,-54,-78,-62,14
-52,-78,-60,-70,-62,14
-53,-69,-57,-75,-64,14
-54,-77,-53,-68,-64,14
-50,-77,-52,-78,-64,14
-52,-74,-55,-68,-62,14
-54,-69,-57,-68,-64,14
-55,-74,-58,-70,-62,14
-50,-68,-58,-70,-63,14
-55,-74,-56,-76,-65,14
-54,-71,-58,-68,-65,14
-55,-71,-60,-72,-63,14
-54,-72,-55,-74,-63,14
-53,-70,-56,-68,-62,14
-56,-72,-52,-73,-63,14
-52,-74,-59,-70,-63,14
-53,-73,-56,-71,-62,14
-52,-72,-60,-68,-62,14
-55,-77,-58,-67,-61,14
-53,-73,-59,-67,-61,14
-53,-72,-53,-72,-65,14
-54,-72,-60,-72,-63,14
-54,-72,-61,-70,-62,14
-54,-72,-60,-67,-63,14
-57,-70,-63,-67,-63,14
-52,-72,-53,-72,-65,14
-56,-70,-63,-68,-63,14
-54,-75,-55,-68,-66,14
-51,-71,-59,-75,-63,14
-55,-72,-60,-79,-64,14
-53,-72,-55,-66,-65,14
-55,-69,-57,-78,-64,14
-53,-71,-55,-69,-63,14
-49,-69,-57,-77,-66,14
-55,-73,-53,-71,-61,14
-50,-69,-57,-68,-66,14
-54,-72,-56,-67,-63,14
-56,-74,-68,-74,-67,15
-54,-72,-65,-76,-57,15
-57,-74,-62,-80,-63,15
-53,-72,-68,-79,-59,15
-54,-79,-62,-79,-62,15
-57,-73,-62,-75,-64,15
-55,-75,-68,-75,-60,15
-59,-74,-62,-77,-58,15
-60,-83,-70,-77,-58,15
-56,-73,-65,-78,-59,15
