Be01,Be02,Be03,Be04,Be05,Sector
-65,-61,-74,-73,-67,1
-68,-58,-76,-62,-66,1
-74,-61,-79,-62,-72,1
-77,-60,-83,-61,-69,1
-69,-60,-78,-60,-66,1
-63,-60,-80,-66,-74,1
-69,-59,-74,-60,-78,1
-65,-60,-70,-60,-77,1
-64,-61,-70,-60,-71,1
-65,-60,-72,-65,-73,1
-65,-61,-79,-59,-82,1
-66,-60,-80,-66,-72,1
-65,-60,-75,-64,-80,1
-63,-59,-72,-62,-72,1
-64,-59,-71,-60,-73,1
-65,-61,-69,-60,-78,1
-68,-60,-72,-59,-71,1
-63,-59,-81,-60,-71,1
-65,-58,-80,-63,-66,1
-75,-59,-71,-68,-71,1
-63,-60,-77,-58,-71,1
-70,-58,-77,-59,-69,1
-64,-60,-73,-60,-67,1
-63,-61,-77,-59,-74,1
-61,-59,-75,-61,-65,1
-69,-60,-75,-58,-73,1
-63,-60,-74,-60,-67,1
-64,-60,-70,-62,-71,1
-68,-59,-74,-68,-70,1
-62,-59,-75,-59,-73,1
-66,-58,-75,-66,-68,1
-64,-59,-69,-63,-68,1
-63,-59,-76,-59,-72,1
-67,-60,-75,-59,-69,1
-63,-59,-74,-59,-65,1
-67,-59,-76,-59,-67,1
-62,-60,-68,-60,-74,1
-62,-60,-70,-60,-69,1
-67,-60,-72,-62,-69,1
-63,-59,-70,-60,-73,1
-68,-60,-68,-61,-67,1
-62,-60,-69,-67,-64,1
-64,-60,-70,-64,-69,1
-63,-60,-77,-60,-64,1
-67,-61,-70,-63,-64,1
-63,-60,-69,-66,-70,1
-63,-60,-69,-58,-63,1
-61,-60,-76,-68,-72,1
-68,-60,-70,-57,-66,1
-62,-59,-67,-67,-72,1
-68,-59,-67,-57,-65,1
-65,-59,-68,-61,-68,1
-64,-60,-69,-58,-64,1
-68,-60,-76,-67,-68,1
-63,-60,-71,-63,-70,1
-65,-60,-70,-61,-63,1
-64,-60,-69,-60,-63,1
-64,-59,-70,-59,-64,1
-65,-59,-72,-65,-65,1
-67,-60,-75,-59,-65,1
-65,-59,-69,-68,-70,1
-67,-61,-75,-58,-65,1
-63,-60,-67,-67,-68,1
-67,-60,-75,-58,-72,1
-63,-60,-67,-69,-68,1
-67,-60,-75,-59,-63,1
-66,-59,-69,-64,-72,1
-61,-60,-69,-68,-63,1
-65,-60,-70,-59,-72,1
-63,-59,-69,-68,-64,1
-67,-60,-70,-58,-68,1
-64,-59,-75,-68,-64,1
-67,-60,-70,-59,-67,1
-65,-59,-75,-67,-72,1
-67,-59,-72,-67,-67,1
-65,-60,-67,-61,-72,1
-65,-59,-71,-61,-70,1
-65,-59,-75,-58,-68,1
-61,-60,-68,-68,-72,1
-67,-60,-75,-59,-67,1
-62,-59,-67,-61,-72,1
-65,-59,-69,-68,-66,1
-67,-60,-69,-58,-64,1
-65,-59,-75,-68,-72,1
-67,-60,-67,-61,-69,1
-64,-60,-72,-59,-69,1
-63,-59,-75,-61,-72,1
-65,-60,-68,-64,-70,1
-67,-60,-75,-60,-64,1
-65,-61,-69,-58,-64,1
-67,-59,-69,-68,-69,1
-63,-60,-68,-58,-72,1
-66,-59,-75,-63,-66,1
-62,-59,-70,-61,-63,1
-63,-59,-69,-59,-68,1
-63,-60,-69,-63,-65,1
-66,-60,-76,-66,-72,1
-62,-59,-69,-59,-68,1
-66,-60,-70,-64,-72,1
-64,-59,-70,-59,-70,1
-68,-61,-68,-65,-68,1
-63,-60,-69,-67,-72,1
-64,-60,-75,-59,-67,1
-62,-60,-68,-68,-72,1
-67,-60,-72,-66,-69,1
-64,-60,-78,-57,-68,1
-67,-60,-70,-67,-65,1
-62,-59,-73,-59,-68,1
-62,-61,-70,-59,-68,1
-63,-59,-71,-59,-64,1
-65,-60,-72,-59,-64,1
-62,-60,-70,-59,-70,1
-62,-59,-73,-60,-70,1
-65,-59,-73,-60,-68,1
-64,-59,-73,-58,-64,1
-65,-60,-70,-63,-63,1
-63,-60,-68,-67,-69,1
-65,-59,-75,-59,-67,1
-62,-60,-71,-59,-73,1
-68,-59,-71,-59,-66,1
-64,-59,-71,-65,-72,1
-60,-58,-83,-62,-69,2
-60,-63,-69,-63,-67,2
-60,-60,-83,-63,-67,2
-61,-66,-75,-66,-69,2
-59,-58,-85,-63,-66,2
-59,-63,-73,-64,-69,2
-60,-66,-68,-63,-68,2
-60,-63,-82,-59,-69,2
-59,-59,-74,-66,-68,2
-60,-63,-76,-61,-68,2
-61,-61,-77,-63,-68,2
-60,-60,-75,-63,-68,2
-60,-66,-85,-60,-67,2
-60,-63,-69,-62,-68,2
-61,-63,-75,-64,-67,2
-59,-59,-84,-63,-69,2
-60,-63,-77,-66,-67,2
-59,-58,-77,-64,-68,2
-60,-61,-69,-64,-67,2
-60,-60,-84,-60,-68,2
-60,-65,-69,-59,-68,2
-60,-64,-76,-59,-68,2
-61,-63,-84,-63,-68,2
-59,-66,-77,-60,-69,2
-60,-61,-77,-63,-67,2
-60,-66,-75,-63,-67,2
-59,-62,-69,-60,-69,2
-60,-59,-67,-58,-68,2
-60,-65,-72,-61,-68,2
-60,-67,-72,-64,-67,2
-59,-59,-77,-63,-69,2
-60,-60,-68,-63,-67,2
-60,-62,-75,-61,-67,2
-60,-61,-76,-61,-67,2
-60,-67,-68,-66,-67,2
-60,-67,-77,-63,-67,2
-60,-63,-68,-66,-65,2
-60,-59,-77,-60,-69,2
-60,-64,-75,-65,-68,2
-61,-66,-68,-64,-68,2
-60,-59,-78,-60,-67,2
-61,-59,-68,-66,-68,2
-59,-66,-78,-63,-67,2
-61,-61,-77,-66,-68,2
-61,-63,-68,-63,-69,2
-59,-59,-77,-60,-68,2
-61,-67,-68,-63,-69,2
-60,-67,-68,-64,-68,2
-61,-59,-76,-63,-67,2
-59,-64,-68,-59,-67,2
-60,-63,-68,-65,-68,2
-59,-59,-88,-60,-67,2
-61,-63,-68,-66,-66,2
-61,-59,-68,-65,-68,2
-60,-63,-68,-63,-67,2
-60,-60,-67,-64,-68,2
-59,-63,-78,-66,-67,2
-61,-62,-67,-59,-69,2
-58,-63,-78,-63,-67,2
-59,-61,-78,-60,-69,2
-59,-59,-69,-63,-68,2
-60,-61,-68,-62,-68,2
-61,-66,-78,-60,-69,2
-59,-61,-68,-61,-68,2
-59,-58,-77,-62,-66,2
-61,-62,-68,-66,-69,2
-59,-66,-78,-63,-67,2
-61,-67,-76,-64,-69,2
-59,-63,-68,-60,-68,2
-60,-58,-77,-66,-68,2
-59,-61,-71,-66,-68,2
-61,-63,-68,-60,-68,2
-61,-57,-78,-63,-68,2
-61,-63,-69,-60,-66,2
-60,-62,-73,-63,-67,2
-61,-59,-77,-66,-67,2
-61,-65,-68,-63,-69,2
-61,-63,-68,-65,-67,2
-61,-59,-84,-58,-69,2
-61,-60,-84,-63,-66,2
-61,-65,-76,-66,-68,2
-60,-60,-82,-62,-68,2
-61,-62,-68,-62,-68,2
-61,-62,-68,-64,-66,2
-60,-59,-78,-66,-69,2
-61,-67,-68,-63,-66,2
-61,-63,-76,-62,-68,2
-60,-61,-68,-62,-68,2
-61,-61,-76,-63,-66,2
-61,-63,-68,-62,-68,2
-66,-70,-78,-63,-73,3
-72,-83,-81,-61,-68,3
-68,-82,-80,-63,-68,3
-72,-70,-74,-63,-74,3
-72,-81,-71,-63,-68,3
-67,-74,-82,-62,-79,3
-72,-70,-80,-64,-74,3
-68,-77,-83,-63,-78,3
-65,-65,-69,-67,-75,4
-71,-60,-72,-66,-68,4
-65,-65,-69,-62,-62,4
-67,-56,-70,-66,-65,4
-66,-54,-73,-65,-71,4
-67,-53,-71,-65,-68,4
-70,-59,-68,-69,-63,4
-65,-54,-72,-71,-73,4
-67,-59,-73,-67,-67,4
-63,-62,-73,-67,-68,4
-65,-62,-68,-70,-73,4
-65,-54,-73,-63,-64,4
-61,-65,-68,-69,-73,4
-69,-54,-73,-68,-66,4
-65,-64,-68,-68,-73,4
-63,-60,-73,-70,-62,4
-70,-63,-69,-68,-66,4
-65,-61,-72,-63,-73,4
-70,-59,-74,-69,-66,4
-66,-65,-73,-63,-72,4
-70,-60,-75,-70,-66,4
-62,-65,-73,-65,-73,4
-66,-60,-69,-71,-66,4
-62,-64,-69,-69,-67,4
-62,-54,-74,-71,-62,4
-62,-62,-75,-67,-63,4
-70,-54,-71,-63,-63,4
-64,-60,-68,-69,-72,4
-70,-65,-74,-71,-63,4
-66,-57,-72,-70,-63,4
-62,-60,-69,-63,-72,4
-66,-56,-70,-63,-62,4
-62,-54,-75,-70,-66,4
-60,-62,-71,-68,-67,4
-66,-57,-70,-64,-62,4
-62,-60,-68,-62,-64,4
-62,-62,-72,-64,-70,4
-65,-60,-69,-61,-66,4
-62,-65,-74,-68,-73,4
-69,-54,-69,-71,-66,4
-66,-61,-69,-70,-69,4
-69,-64,-73,-63,-62,4
-63,-59,-67,-70,-73,4
-62,-60,-67,-63,-64,4
-62,-65,-74,-63,-68,4
-70,-62,-71,-68,-64,4
-67,-59,-71,-69,-63,4
-60,-62,-71,-69,-70,4
-66,-60,-69,-63,-66,4
-62,-54,-74,-70,-73,4
-64,-54,-69,-63,-66,4
-66,-60,-74,-70,-63,4
-66,-59,-75,-67,-66,4
-61,-54,-74,-65,-72,4
-69,-54,-75,-63,-64,4
-62,-65,-69,-70,-72,4
-70,-60,-75,-63,-66,4
-62,-54,-69,-70,-72,4
-69,-65,-74,-63,-66,4
-65,-54,-74,-66,-71,4
-62,-65,-75,-70,-65,4
-64,-57,-67,-66,-67,4
-62,-60,-74,-63,-63,4
-70,-54,-67,-67,-66,4
-65,-62,-75,-68,-67,4
-62,-65,-68,-69,-64,4
-66,-60,-73,-68,-72,4
-62,-65,-67,-61,-63,4
-70,-60,-74,-67,-72,4
-65,-65,-69,-61,-66,4
-61,-60,-76,-69,-73,4
-66,-65,-76,-68,-72,4
-67,-62,-76,-68,-66,4
-62,-54,-74,-61,-73,4
-64,-60,-68,-69,-63,4
-70,-54,-76,-68,-66,4
-66,-54,-70,-68,-73,4
-70,-65,-74,-61,-63,4
-64,-54,-69,-69,-63,4
-64,-59,-70,-63,-64,4
-66,-65,-76,-70,-65,4
-70,-54,-72,-67,-72,4
-63,-62,-73,-70,-63,4
-66,-54,-68,-68,-72,4
-62,-59,-73,-68,-69,4
-62,-59,-69,-70,-66,4
-62,-54,-71,-67,-64,4
-70,-57,-73,-63,-66,4
-69,-65,-67,-63,-71,4
-66,-54,-73,-71,-65,4
-68,-54,-71,-66,-65,4
-70,-65,-69,-69,-62,4
-66,-60,-74,-63,-72,4
-66,-65,-69,-69,-63,4
-62,-54,-72,-66,-66,4
-64,-65,-71,-63,-72,4
-62,-60,-73,-69,-66,4
-70,-61,-70,-66,-69,4
-64,-65,-67,-66,-72,4
-70,-65,-76,-63,-63,4
-66,-66,-72,-70,-71,4
-61,-60,-69,-71,-63,4
-70,-65,-73,-69,-66,4
-64,-60,-77,-71,-72,4
-70,-65,-71,-69,-63,4
-68,-56,-74,-69,-66,4
-68,-59,-76,-70,-63,4
-66,-65,-68,-69,-73,4
-69,-54,-77,-63,-63,4
-66,-60,-77,-69,-66,4
-66,-59,-67,-69,-72,4
-70,-66,-73,-63,-66,4
-62,-60,-68,-67,-68,4
-68,-59,-71,-69,-65,4
-70,-54,-77,-63,-72,4
-66,-62,-73,-69,-66,4
-62,-65,-69,-63,-67,4
-66,-60,-75,-71,-66,4
-62,-65,-69,-69,-63,4
-64,-59,-68,-69,-69,4
-70,-54,-77,-63,-66,4
-62,-65,-73,-67,-66,4
-66,-57,-77,-71,-72,4
-62,-59,-70,-65,-72,4
-62,-65,-67,-63,-63,4
-70,-54,-73,-69,-66,4
-65,-59,-73,-69,-63,4
-62,-57,-77,-62,-69,4
-62,-57,-72,-69,-64,4
-66,-62,-70,-69,-64,4
-62,-63,-73,-63,-63,4
-66,-54,-67,-69,-72,4
-62,-65,-73,-63,-66,4
-62,-54,-68,-69,-63,4
-70,-54,-68,-63,-66,4
-66,-65,-74,-66,-66,4
-65,-54,-68,-67,-64,4
-63,-63,-67,-66,-67,4
-70,-60,-73,-69,-69,4
-68,-59,-75,-69,-69,4
-66,-64,-68,-69,-72,4
-66,-60,-77,-61,-69,4
-70,-66,-75,-68,-66,4
-63,-63,-73,-65,-65,4
-69,-66,-72,-64,-65,5
-69,-60,-72,-62,-76,5
-68,-65,-69,-64,-70,5
-70,-71,-72,-65,-76,5
-70,-63,-68,-64,-70,5
-68,-67,-70,-66,-72,5
-70,-61,-70,-62,-70,5
-69,-75,-71,-65,-66,5
-63,-66,-67,-64,-68,5
-67,-74,-69,-62,-75,5
-65,-61,-70,-64,-69,5
-70,-67,-70,-63,-76,5
-68,-74,-69,-64,-76,5
-63,-61,-70,-65,-68,5
-61,-74,-72,-62,-76,5
-66,-62,-70,-64,-69,5
-69,-70,-70,-63,-72,5
-63,-70,-72,-62,-73,5
-66,-76,-68,-64,-76,5
-63,-60,-72,-62,-66,5
-63,-68,-72,-62,-68,5
-68,-76,-68,-63,-69,5
-70,-70,-68,-62,-67,5
-67,-70,-69,-63,-67,5
-69,-68,-70,-65,-71,5
-69,-63,-70,-65,-71,5
-70,-67,-70,-64,-70,5
-65,-61,-70,-65,-73,5
-71,-60,-68,-62,-66,5
-68,-75,-72,-65,-76,5
-63,-60,-67,-64,-66,5
-65,-61,-69,-66,-71,5
-68,-74,-70,-63,-75,5
-62,-61,-68,-62,-66,5
-66,-75,-69,-64,-68,5
-70,-68,-69,-65,-74,5
-70,-63,-67,-64,-70,5
-68,-61,-70,-62,-76,5
-61,-66,-68,-63,-66,5
-69,-74,-72,-62,-76,5
-61,-61,-68,-64,-66,5
-71,-66,-72,-62,-76,5
-66,-67,-69,-63,-69,5
-62,-62,-68,-66,-76,5
-68,-75,-72,-61,-69,5
-70,-64,-70,-64,-72,5
-66,-61,-67,-63,-76,5
-62,-74,-71,-64,-69,5
-68,-60,-68,-63,-66,5
-62,-69,-69,-66,-75,5
-66,-73,-69,-63,-66,5
-71,-61,-69,-66,-75,5
-65,-66,-69,-64,-68,5
-68,-72,-71,-62,-66,5
-62,-61,-71,-66,-68,5
-66,-72,-71,-62,-66,5
-70,-61,-70,-64,-69,5
-68,-66,-68,-62,-66,5
-70,-60,-72,-66,-76,5
-62,-66,-68,-62,-66,5
-66,-61,-70,-64,-67,5
-63,-66,-72,-64,-75,5
-68,-75,-69,-64,-66,5
-63,-66,-68,-65,-66,5
-69,-75,-71,-64,-69,5
-62,-61,-68,-62,-76,5
-70,-74,-69,-66,-66,5
-70,-67,-70,-63,-76,5
-66,-66,-67,-61,-69,5
-63,-63,-69,-64,-70,5
-70,-59,-72,-64,-75,5
-71,-66,-69,-64,-68,5
-63,-61,-72,-62,-70,5
-69,-70,-68,-64,-76,5
-69,-61,-72,-62,-66,5
-66,-67,-70,-63,-69,5
-66,-65,-69,-64,-70,5
-64,-63,-69,-63,-76,5
-65,-66,-71,-64,-66,5
-68,-74,-69,-62,-70,5
-63,-62,-69,-62,-68,5
-66,-59,-69,-63,-66,5
-62,-74,-68,-65,-75,5
-69,-60,-67,-65,-70,5
-69,-60,-72,-62,-66,5
-69,-60,-72,-63,-76,5
-68,-66,-68,-64,-66,5
-63,-60,-72,-62,-66,5
-68,-63,-70,-63,-66,5
-68,-69,-70,-63,-69,5
-62,-70,-70,-63,-66,5
-62,-67,-70,-62,-70,5
-68,-61,-68,-64,-67,5
-69,-68,-67,-62,-75,5
-70,-75,-69,-62,-65,5
-70,-63,-70,-64,-70,5
-68,-61,-72,-66,-70,5
-62,-73,-68,-64,-66,5
-69,-66,-72,-64,-66,5
-68,-73,-68,-62,-69,5
-64,-60,-69,-65,-67,5
-69,-73,-72,-62,-75,5
-66,-61,-67,-65,-64,5
-69,-74,-72,-64,-75,5
-70,-66,-70,-63,-68,5
-62,-60,-68,-63,-75,5
-67,-66,-68,-63,-70,5
-63,-72,-72,-64,-66,5
-68,-65,-68,-62,-75,5
-63,-72,-69,-64,-65,5
-68,-60,-68,-62,-75,5
-71,-72,-68,-65,-66,5
-71,-65,-69,-63,-69,5
-63,-65,-68,-62,-74,5
-68,-72,-69,-65,-70,5
-67,-65,-70,-64,-70,5
-67,-59,-69,-64,-75,5
-66,-71,-69,-63,-66,5
-66,-59,-68,-62,-75,5
-67,-65,-68,-64,-66,5
-70,-65,-68,-62,-75,5
-65,-66,-68,-64,-67,5
-68,-61,-72,-62,-69,5
-66,-65,-70,-63,-70,5
-69,-60,-68,-64,-66,5
-71,-60,-68,-63,-75,5
-71,-66,-72,-65,-70,5
-70,-67,-70,-64,-66,5
-66,-59,-69,-65,-70,5
-70,-72,-72,-64,-75,5
-70,-60,-69,-61,-75,5
-63,-65,-72,-63,-69,5
-71,-72,-68,-60,-75,5
-63,-66,-72,-64,-64,5
-66,-60,-68,-62,-69,5
-65,-60,-68,-65,-66,5
-65,-66,-72,-63,-75,5
-70,-64,-67,-64,-66,5
-64,-66,-70,-64,-68,5
-70,-65,-68,-62,-70,5
-63,-73,-71,-65,-75,5
-70,-59,-68,-62,-70,5
-63,-72,-72,-65,-75,5
-63,-66,-69,-62,-67,5
-68,-65,-70,-63,-70,5
-69,-62,-72,-63,-66,5
-71,-60,-69,-66,-70,5
-71,-66,-72,-62,-69,5
-63,-72,-68,-65,-64,5
-63,-65,-70,-64,-69,5
-68,-68,-67,-64,-68,5
-63,-60,-68,-66,-65,5
-65,-66,-71,-63,-69,5
-63,-73,-69,-64,-75,5
-65,-66,-68,-64,-70,5
-65,-65,-69,-66,-75,5
-68,-66,-72,-64,-66,5
-63,-73,-68,-65,-66,5
-68,-60,-68,-64,-75,5
-63,-69,-69,-64,-66,5
-70,-67,-68,-63,-70,5
-63,-73,-69,-61,-75,5
-68,-60,-71,-64,-64,5
-71,-74,-68,-61,-75,5
-63,-60,-72,-64,-70,5
-67,-74,-71,-62,-75,5
-64,-64,-69,-64,-70,5
-65,-66,-68,-62,-72,5
-67,-72,-72,-65,-71,5
-70,-59,-70,-63,-70,5
-61,-74,-68,-62,-65,5
-66,-61,-71,-64,-69,5
-62,-73,-67,-62,-75,5
-70,-61,-70,-66,-66,5
-65,-65,-68,-64,-70,5
-68,-66,-72,-62,-75,5
-63,-65,-68,-63,-73,5
-68,-60,-68,-64,-68,5
-70,-65,-68,-62,-75,5
-68,-60,-69,-64,-64,5
-71,-65,-72,-66,-75,5
-65,-64,-69,-64,-70,5
-63,-72,-67,-60,-66,5
-68,-63,-72,-64,-75,5
-66,-65,-68,-63,-69,5
-66,-60,-69,-62,-66,5
-70,-72,-69,-65,-70,5
-70,-58,-72,-64,-70,5
-68,-66,-68,-64,-75,5
-68,-61,-68,-64,-66,5
-70,-67,-68,-64,-69,5
-71,-73,-71,-62,-66,5
-69,-60,-67,-66,-67,5
-68,-73,-72,-62,-69,5
-68,-60,-70,-66,-72,5
-61,-73,-70,-63,-75,5
-69,-66,-71,-62,-66,5
-66,-65,-71,-63,-70,5
-68,-59,-68,-61,-70,5
-69,-63,-70,-63,-66,5
-63,-63,-68,-64,-70,5
-71,-73,-72,-66,-66,5
-62,-65,-69,-64,-68,5
-70,-73,-69,-62,-74,5
-68,-58,-72,-66,-65,5
-69,-74,-69,-62,-75,5
-63,-59,-71,-66,-70,5
-63,-71,-69,-62,-76,5
-66,-66,-67,-62,-71,5
-63,-79,-72,-64,-66,5
-69,-62,-68,-61,-66,5
-65,-72,-73,-61,-70,5
-71,-63,-68,-66,-69,5
-68,-66,-71,-65,-66,5
-63,-67,-69,-66,-66,5
-65,-67,-71,-63,-69,5
-68,-77,-72,-64,-76,5
-71,-62,-69,-66,-66,5
-64,-77,-71,-63,-75,5
-63,-77,-69,-66,-66,5
-68,-78,-72,-62,-76,5
-66,-67,-69,-64,-68,5
-68,-76,-69,-65,-76,5
-71,-65,-72,-62,-69,5
-71,-63,-67,-64,-76,5
-68,-67,-70,-63,-68,5
-66,-77,-70,-65,-76,5
-66,-69,-71,-64,-67,5
-76,-85,-75,-57,-65,6
-76,-71,-75,-59,-69,6
-68,-71,-68,-57,-74,6
-74,-69,-75,-57,-67,6
-64,-71,-73,-60,-71,6
-64,-71,-71,-58,-71,6
-76,-71,-73,-58,-69,6
-64,-71,-68,-57,-66,6
-67,-71,-73,-63,-76,6
-74,-72,-71,-59,-71,6
-64,-70,-68,-57,-65,6
-68,-83,-72,-63,-76,6
-64,-71,-75,-56,-67,6
-64,-68,-67,-63,-71,6
-68,-72,-74,-56,-67,6
-71,-71,-70,-61,-71,6
-67,-72,-73,-60,-65,6
-64,-77,-74,-58,-71,6
-74,-72,-69,-60,-65,6
-75,-72,-71,-59,-71,6
-67,-71,-74,-57,-67,6
-75,-72,-73,-62,-75,6
-64,-75,-72,-59,-71,6
-73,-73,-72,-57,-74,6
-67,-86,-74,-62,-66,6
-64,-72,-72,-57,-73,6
-68,-73,-74,-60,-71,6
-64,-71,-71,-57,-65,6
-68,-73,-73,-57,-74,6
-74,-79,-73,-57,-74,6
-68,-82,-74,-57,-70,6
-65,-68,-75,-58,-71,6
-76,-71,-73,-57,-77,6
-67,-69,-75,-57,-70,6
-74,-71,-75,-63,-67,6
-69,-71,-71,-58,-73,6
-67,-83,-69,-63,-67,6
-71,-82,-73,-56,-74,6
-65,-71,-67,-56,-77,6
-70,-72,-73,-59,-66,6
-72,-78,-71,-60,-66,6
-68,-72,-69,-59,-73,6
-68,-72,-74,-63,-67,6
-76,-77,-69,-58,-76,6
-67,-72,-75,-63,-68,6
-65,-71,-71,-57,-76,6
-67,-86,-74,-58,-71,6
-70,-72,-71,-56,-70,6
-73,-85,-73,-57,-73,6
-74,-77,-74,-57,-75,6
-76,-72,-69,-60,-73,6
-67,-72,-69,-57,-71,6
-67,-71,-72,-56,-73,6
-65,-71,-72,-57,-71,6
-65,-70,-73,-57,-70,6
-70,-72,-75,-57,-76,6
-72,-72,-71,-57,-69,6
-68,-71,-68,-60,-71,6
-63,-83,-73,-63,-65,6
-64,-71,-68,-57,-68,6
-71,-84,-74,-58,-67,6
-68,-84,-73,-57,-75,6
-75,-72,-71,-63,-71,6
-68,-79,-74,-56,-70,6
-65,-84,-71,-63,-75,6
-65,-72,-73,-57,-71,6
-76,-85,-70,-61,-73,6
-76,-71,-73,-59,-70,6
-68,-85,-73,-56,-71,6
-65,-71,-69,-56,-75,6
-68,-73,-73,-63,-71,6
-70,-71,-71,-57,-66,6
-76,-78,-74,-58,-67,6
-68,-71,-69,-57,-64,6
-76,-72,-75,-60,-71,6
-68,-86,-71,-57,-64,6
-76,-73,-75,-61,-71,6
-68,-71,-73,-57,-75,6
-65,-72,-68,-58,-65,6
-68,-87,-71,-57,-71,6
-68,-72,-69,-57,-74,6
-63,-72,-73,-63,-72,6
-74,-71,-70,-57,-71,6
-65,-79,-73,-59,-71,6
-68,-85,-73,-56,-69,6
-66,-85,-72,-60,-71,6
-66,-83,-74,-60,-76,6
-72,-84,-72,-60,-69,6
-66,-72,-73,-59,-71,6
-63,-85,-69,-63,-75,6
-67,-71,-74,-57,-71,6
-65,-78,-71,-59,-71,6
-72,-71,-71,-60,-72,6
-66,-88,-75,-56,-71,6
-66,-76,-70,-57,-71,6
-70,-87,-70,-58,-73,6
-69,-71,-70,-58,-72,6
-66,-79,-70,-56,-72,6
-76,-75,-71,-58,-71,6
-68,-79,-68,-58,-68,6
-65,-72,-73,-63,-72,6
-68,-72,-72,-58,-64,6
-72,-72,-69,-57,-72,6
-70,-72,-70,-61,-72,6
-67,-70,-68,-58,-74,6
-76,-70,-73,-59,-66,6
-74,-76,-72,-58,-65,6
-76,-72,-72,-57,-66,6
-68,-86,-73,-57,-75,6
-76,-86,-71,-63,-73,6
-65,-72,-69,-56,-66,6
-68,-72,-73,-59,-71,6
-65,-72,-71,-63,-75,6
-66,-71,-74,-56,-73,6
-66,-72,-69,-56,-70,6
-68,-72,-71,-63,-64,6
-66,-77,-71,-57,-70,6
-65,-72,-75,-58,-75,6
-72,-82,-69,-57,-73,6
-70,-83,-71,-60,-71,6
-67,-75,-79,-60,-66,6
-75,-70,-69,-55,-67,6
-66,-75,-77,-59,-67,6
-71,-75,-69,-60,-72,6
-63,-81,-74,-57,-67,6
-70,-74,-72,-55,-73,6
-63,-73,-69,-58,-72,6
-68,-74,-74,-56,-72,6
-65,-75,-75,-59,-72,6
-62,-79,-68,-56,-65,6
-72,-74,-77,-62,-66,6
-71,-74,-75,-60,-65,6
-68,-70,-75,-57,-70,6
-66,-71,-75,-57,-66,6
-73,-71,-72,-59,-71,6
-69,-70,-74,-58,-71,6
-64,-90,-75,-58,-65,6
-66,-75,-73,-59,-71,6
-68,-71,-73,-57,-72,6
-66,-71,-69,-60,-65,6
-66,-76,-75,-57,-69,6
-65,-71,-70,-57,-73,6
-63,-73,-73,-57,-72,6
-68,-73,-69,-60,-74,6
-75,-76,-75,-57,-65,6
-65,-71,-68,-62,-74,6
-74,-83,-75,-57,-72,6
-68,-71,-68,-58,-74,6
-72,-73,-75,-59,-73,6
-65,-73,-69,-58,-68,6
-68,-82,-75,-57,-72,6
-68,-76,-73,-57,-67,6
-69,-82,-73,-63,-73,6
-76,-75,-68,-57,-65,6
-66,-71,-70,-57,-68,6
-69,-74,-69,-62,-72,6
-76,-72,-68,-57,-66,6
-71,-74,-68,-58,-71,6
-76,-72,-75,-57,-70,6
-65,-72,-69,-56,-77,6
-69,-80,-72,-56,-66,6
-65,-74,-75,-63,-71,6
-69,-72,-68,-56,-77,6
-66,-81,-72,-58,-73,6
-78,-73,-75,-63,-77,6
-78,-72,-72,-57,-65,6
-78,-72,-72,-56,-70,6
-77,-76,-70,-58,-66,6
-65,-73,-69,-58,-76,6
-67,-72,-69,-57,-71,6
-79,-73,-72,-57,-68,6
-66,-73,-71,-60,-66,6
-63,-71,-75,-57,-65,6
-68,-81,-69,-58,-73,6
-65,-72,-75,-57,-66,6
-79,-79,-68,-56,-72,6
-68,-73,-74,-57,-64,6
-79,-72,-70,-58,-73,6
-68,-72,-72,-60,-75,6
-68,-72,-75,-57,-77,6
-71,-72,-70,-60,-66,6
-79,-71,-71,-59,-74,6
-69,-63,-53,-74,-70,7
-65,-63,-57,-75,-72,7
-56,-66,-66,-69,-68,8
-57,-66,-64,-68,-62,8
-57,-68,-67,-68,-75,8
-57,-68,-66,-65,-68,8
-58,-64,-66,-70,-66,8
-56,-68,-65,-71,-61,8
-59,-67,-66,-69,-61,8
-57,-60,-67,-72,-77,8
-57,-68,-68,-69,-61,8
-57,-69,-67,-70,-77,8
-57,-67,-67,-72,-70,8
-58,-59,-69,-69,-61,8
-58,-69,-64,-71,-77,8
-57,-66,-66,-69,-69,8
-57,-69,-69,-68,-62,8
-57,-64,-67,-68,-70,8
-56,-68,-65,-70,-63,8
-59,-66,-66,-66,-68,8
-57,-62,-66,-67,-64,8
-58,-60,-65,-69,-76,8
-56,-69,-66,-68,-67,8
-59,-64,-65,-68,-76,8
-57,-64,-66,-69,-62,8
-57,-62,-65,-67,-68,8
-57,-66,-69,-67,-63,8
-59,-60,-65,-69,-75,8
-57,-64,-66,-67,-59,8
-55,-60,-63,-69,-64,8
-59,-66,-69,-66,-61,8
-59,-63,-64,-69,-62,8
-57,-62,-67,-68,-61,8
-56,-62,-69,-68,-77,8
-56,-60,-65,-65,-77,8
-56,-66,-66,-69,-61,8
-56,-60,-65,-65,-77,8
-57,-68,-66,-69,-63,8
-57,-64,-66,-68,-70,8
-65,-73,-71,-70,-72,9
-59,-76,-76,-65,-71,10
-64,-71,-67,-71,-75,10
-62,-72,-71,-65,-75,10
-66,-73,-69,-68,-79,10
-65,-76,-67,-65,-72,10
-62,-72,-77,-85,-71,10
-58,-71,-77,-76,-75,10
-62,-73,-69,-68,-74,10
-66,-75,-68,-68,-71,10
-64,-72,-72,-68,-73,10
-63,-73,-72,-68,-72,10
-59,-71,-69,-65,-79,10
-61,-74,-72,-64,-75,10
-67,-72,-67,-85,-71,10
-58,-71,-69,-65,-80,10
-62,-71,-67,-68,-72,10
-67,-72,-68,-63,-75,10
-65,-76,-77,-65,-71,10
-66,-71,-77,-68,-71,10
-65,-71,-69,-68,-79,10
-67,-71,-71,-68,-75,10
-66,-70,-77,-86,-75,10
-67,-72,-72,-65,-71,10
-65,-71,-69,-68,-72,10
-62,-74,-68,-64,-75,10
-65,-76,-67,-85,-79,10
-59,-71,-77,-65,-79,10
-67,-76,-67,-68,-71,10
-59,-75,-77,-68,-71,10
-63,-76,-72,-65,-79,10
-61,-74,-74,-68,-75,10
-62,-76,-73,-74,-72,10
-67,-71,-77,-68,-79,10
-66,-70,-67,-66,-71,10
-62,-72,-69,-68,-74,10
-65,-76,-68,-85,-75,10
-65,-71,-69,-65,-71,10
-67,-72,-77,-64,-71,10
-66,-72,-67,-68,-75,10
-62,-74,-67,-68,-74,10
-62,-70,-72,-68,-71,10
-62,-72,-73,-64,-71,10
-62,-76,-72,-68,-79,10
-67,-72,-68,-68,-75,10
-67,-70,-69,-65,-78,10
-65,-70,-67,-68,-71,10
-59,-71,-68,-65,-80,10
-65,-72,-67,-68,-71,10
-67,-71,-72,-64,-70,10
-66,-72,-67,-69,-70,10
-65,-70,-69,-68,-80,10
-59,-75,-78,-65,-71,10
-62,-71,-67,-65,-71,10
-62,-73,-70,-65,-71,10
-62,-73,-79,-85,-71,10
-57,-73,-69,-69,-74,10
-67,-71,-71,-69,-78,10
-59,-71,-69,-65,-72,10
-65,-71,-69,-66,-80,10
-65,-74,-77,-69,-81,10
-65,-71,-73,-69,-72,10
-67,-71,-68,-64,-72,10
-59,-71,-76,-69,-68,10
-66,-73,-76,-80,-71,10
-67,-73,-67,-69,-71,10
-65,-71,-79,-70,-73,10
-66,-74,-70,-81,-72,10
-57,-72,-74,-69,-77,10
-62,-71,-69,-65,-70,10
-65,-72,-76,-69,-71,10
-64,-73,-71,-74,-72,10
-66,-68,-76,-82,-71,10
-59,-72,-69,-70,-77,10
-67,-70,-75,-79,-71,10
-65,-72,-69,-63,-68,10
-63,-72,-77,-73,-74,10
-66,-70,-74,-75,-72,10
-67,-70,-78,-75,-73,10
-67,-70,-79,-77,-76,10
-66,-75,-68,-64,-72,10
-56,-70,-63,-71,-66,11
-59,-70,-62,-71,-64,11
-56,-66,-77,-70,-65,11
-57,-66,-66,-68,-65,11
-60,-68,-77,-72,-64,11
-58,-65,-67,-64,-66,11
-59,-71,-77,-67,-64,11
-60,-66,-71,-64,-66,11
-60,-68,-69,-64,-67,11
-58,-71,-65,-71,-65,11
-57,-67,-65,-72,-65,11
-57,-71,-67,-71,-67,11
-62,-69,-77,-72,-64,11
-57,-67,-67,-71,-67,11
-62,-69,-66,-72,-64,11
-58,-67,-63,-66,-66,11
-62,-68,-77,-72,-65,11
-59,-65,-63,-64,-67,11
-59,-68,-71,-64,-64,11
-62,-68,-64,-73,-67,11
-57,-69,-63,-70,-68,11
-62,-67,-67,-73,-67,11
-59,-65,-63,-64,-63,11
-59,-65,-70,-71,-67,11
-57,-71,-67,-73,-64,11
-59,-68,-64,-64,-67,11
-60,-67,-63,-71,-67,11
-59,-70,-67,-71,-68,11
-57,-69,-63,-72,-64,11
-57,-68,-65,-72,-65,11
-58,-70,-65,-67,-68,11
-57,-65,-77,-73,-64,11
-57,-68,-62,-68,-66,11
-58,-67,-70,-68,-63,11
-55,-68,-68,-64,-68,11
-58,-67,-64,-72,-68,11
-60,-65,-67,-71,-64,11
-59,-69,-64,-67,-66,11
-59,-65,-65,-64,-66,11
-57,-67,-65,-72,-66,11
-61,-67,-64,-64,-68,11
-60,-69,-70,-72,-68,11
-59,-65,-77,-72,-67,11
-58,-70,-72,-71,-67,11
-57,-65,-67,-64,-64,11
-57,-68,-68,-64,-66,11
-57,-67,-65,-71,-66,11
-60,-68,-67,-64,-67,11
-59,-65,-65,-63,-65,11
-57,-66,-77,-68,-66,11
-57,-68,-67,-64,-64,11
-61,-66,-67,-72,-67,11
-59,-69,-78,-71,-64,11
-58,-70,-67,-71,-67,11
-57,-65,-78,-72,-64,11
-59,-67,-64,-71,-67,11
-57,-65,-66,-72,-65,11
-59,-70,-64,-71,-68,11
-59,-69,-72,-68,-66,11
-59,-69,-64,-71,-67,11
-58,-68,-64,-67,-65,11
-57,-69,-67,-64,-67,11
-57,-68,-64,-72,-64,11
-60,-65,-64,-64,-67,11
-57,-68,-67,-72,-64,11
-59,-65,-64,-64,-67,11
-58,-65,-65,-63,-65,11
-60,-65,-64,-72,-67,11
-59,-68,-64,-64,-68,11
-58,-68,-68,-71,-65,11
-58,-67,-68,-71,-67,11
-58,-70,-71,-64,-67,11
-57,-66,-64,-71,-66,11
-59,-67,-66,-71,-67,11
-57,-65,-64,-71,-63,11
-59,-66,-79,-72,-67,11
-58,-66,-79,-67,-67,11
-57,-65,-63,-64,-67,11
-58,-68,-80,-64,-65,11
-57,-69,-73,-64,-66,11
-60,-70,-63,-71,-68,11
-57,-66,-64,-71,-65,11
-60,-68,-66,-67,-67,11
-59,-68,-66,-64,-66,11
-59,-69,-81,-71,-67,11
-62,-67,-73,-64,-65,11
-57,-65,-66,-71,-67,11
-59,-70,-74,-70,-67,11
-62,-68,-68,-71,-65,11
-58,-68,-81,-67,-65,11
-62,-66,-64,-64,-67,11
-59,-67,-80,-67,-66,11
-57,-65,-65,-72,-67,11
-62,-68,-64,-70,-66,11
-57,-65,-79,-72,-65,11
-60,-68,-64,-71,-66,11
-57,-66,-79,-72,-65,11
-59,-66,-68,-72,-68,11
-58,-64,-77,-73,-63,11
-59,-67,-68,-68,-64,11
-58,-72,-65,-71,-67,11
-57,-65,-81,-72,-65,11
-63,-70,-64,-70,-70,11
-58,-68,-75,-72,-66,11
-59,-72,-75,-72,-63,12
-64,-83,-75,-77,-62,12
-59,-76,-77,-74,-64,12
-72,-72,-77,-74,-63,12
-62,-69,-77,-69,-63,12
-63,-77,-73,-71,-63,12
-64,-81,-76,-72,-64,12
-59,-86,-76,-75,-64,12
-62,-69,-75,-75,-65,12
-70,-87,-74,-75,-62,12
-64,-75,-76,-73,-64,12
-72,-73,-76,-73,-64,12
-63,-71,-76,-74,-63,12
-62,-76,-73,-72,-63,12
-59,-68,-77,-72,-72,13
-56,-68,-75,-64,-63,13
-59,-70,-76,-68,-73,13
-59,-68,-75,-66,-67,13
-57,-70,-76,-67,-65,13
-57,-71,-77,-68,-72,13
-59,-68,-76,-64,-72,13
-57,-69,-77,-66,-67,13
-57,-68,-77,-70,-64,13
-56,-71,-76,-72,-65,13
-58,-69,-77,-66,-67,13
-57,-68,-76,-68,-64,13
-59,-68,-76,-64,-72,13
-58,-70,-77,-71,-72,13
-57,-70,-76,-69,-72,13
-56,-68,-76,-64,-62,13
-58,-71,-76,-72,-72,13
-59,-71,-77,-66,-72,13
-59,-70,-77,-66,-66,13
-57,-71,-75,-67,-67,13
-59,-70,-76,-69,-66,13
-57,-68,-75,-68,-66,13
-59,-70,-77,-71,-63,13
-57,-71,-76,-64,-67,13
-57,-70,-74,-69,-73,13
-59,-70,-73,-67,-64,13
-58,-67,-75,-68,-68,13
-55,-71,-73,-67,-74,13
-60,-69,-78,-74,-65,13
-59,-72,-74,-64,-66,13
-59,-68,-75,-71,-74,13
-58,-69,-76,-66,-68,13
-57,-69,-76,-68,-68,13
-60,-71,-77,-71,-71,13
-59,-70,-75,-71,-67,13
-59,-68,-74,-71,-64,13
-58,-68,-73,-70,-66,13
-58,-73,-75,-71,-64,13
-57,-68,-74,-69,-71,13
-58,-68,-76,-69,-67,13
-57,-70,-85,-63,-64,13
-58,-71,-73,-68,-64,13
-57,-73,-71,-68,-73,13
-57,-69,-78,-70,-70,13
-59,-66,-77,-73,-64,13
-57,-70,-84,-74,-70,13
-57,-71,-78,-71,-69,13
-59,-66,-76,-69,-65,13
-57,-68,-79,-69,-69,13
-56,-67,-79,-69,-69,13
-57,-70,-81,-72,-66,13
-57,-68,-76,-73,-71,13
-57,-69,-82,-68,-65,13
-58,-69,-75,-74,-66,13
-59,-68,-90,-74,-66,13
-57,-71,-74,-73,-74,13
-58,-68,-73,-66,-72,13
-57,-68,-73,-72,-65,13
-57,-68,-74,-63,-68,13
-57,-71,-75,-70,-66,13
-59,-70,-73,-63,-72,13
-57,-71,-74,-69,-66,13
-58,-71,-73,-73,-69,13
-57,-72,-74,-69,-72,13
-58,-71,-74,-66,-72,13
-57,-66,-75,-72,-66,13
-58,-72,-72,-69,-71,13
-59,-71,-74,-73,-72,13
-57,-65,-73,-64,-65,13
-59,-67,-74,-68,-71,13
-58,-69,-78,-72,-65,13
-59,-70,-74,-64,-65,13
-57,-68,-73,-72,-65,13
-57,-71,-77,-70,-66,13
-58,-72,-83,-69,-73,13
-57,-71,-75,-72,-66,13
-58,-67,-74,-64,-72,13
-58,-71,-76,-69,-69,13
-58,-71,-80,-62,-71,13
-59,-72,-75,-70,-66,13
-58,-69,-79,-70,-66,13
-58,-71,-82,-66,-66,13
-57,-66,-84,-70,-72,13
-58,-68,-85,-66,-71,13
-58,-69,-74,-74,-66,13
-57,-71,-75,-65,-71,13
-58,-70,-86,-67,-67,13
-57,-71,-76,-72,-64,13
-58,-71,-83,-69,-66,13
-58,-65,-74,-72,-71,13
-57,-66,-85,-69,-68,13
-58,-71,-73,-71,-70,13
-57,-66,-86,-67,-67,13
-57,-70,-83,-69,-70,13
-58,-71,-73,-65,-66,13
-57,-72,-75,-69,-71,13
-58,-71,-73,-66,-66,13
-56,-71,-75,-63,-71,13
-57,-71,-84,-69,-66,13
-59,-69,-84,-63,-68,13
-58,-68,-76,-66,-68,13
-57,-72,-73,-71,-66,13
-59,-66,-76,-69,-66,13
-58,-71,-85,-71,-71,13
-58,-68,-84,-66,-66,13
-59,-71,-74,-68,-66,13
-59,-66,-75,-65,-65,13
-58,-71,-73,-63,-66,13
-57,-71,-76,-69,-71,13
-58,-71,-73,-63,-66,13
-58,-68,-73,-66,-67,13
-57,-71,-76,-69,-66,13
-59,-66,-73,-63,-65,13
-58,-71,-76,-69,-71,13
-59,-71,-84,-71,-71,13
-58,-69,-77,-70,-66,13
-58,-71,-73,-71,-71,13
-57,-71,-76,-71,-66,13
-59,-72,-73,-69,-71,13
-57,-71,-84,-69,-68,13
-58,-71,-85,-71,-71,13
-58,-66,-71,-73,-69,14
-54,-73,-69,-82,-70,14
-58,-79,-68,-69,-68,14
-63,-66,-73,-82,-67,14
-61,-71,-73,-67,-68,14
-62,-66,-72,-69,-70,14
-54,-67,-73,-75,-69,14
-58,-66,-73,-73,-70,14
-54,-79,-68,-65,-69,14
-57,-73,-68,-75,-68,14
-57,-65,-68,-77,-69,14
-64,-65,-70,-77,-68,14
-54,-67,-68,-81,-67,14
-56,-67,-73,-69,-67,14
-63,-79,-73,-65,-67,14
-63,-70,-73,-77,-70,14
-54,-80,-73,-82,-67,14
-64,-73,-73,-65,-70,14
-59,-67,-73,-65,-69,14
-56,-72,-68,-77,-68,14
-64,-69,-68,-65,-69,14
-64,-66,-68,-75,-70,14
-64,-66,-73,-73,-69,14
-59,-79,-68,-75,-70,14
-59,-67,-73,-82,-68,14
-54,-80,-68,-65,-69,14
-64,-67,-70,-65,-70,14
-62,-72,-67,-78,-68,14
-59,-67,-73,-65,-68,14
-61,-73,-68,-69,-69,14
-64,-72,-68,-74,-69,14
-59,-66,-73,-69,-69,14
-61,-66,-70,-74,-69,14
-62,-73,-67,-65,-68,14
-59,-66,-73,-69,-68,14
-55,-67,-68,-78,-68,14
-64,-78,-72,-82,-69,14
-64,-67,-68,-69,-68,14
-63,-66,-68,-75,-69,14
-64,-73,-68,-77,-69,14
-64,-66,-68,-77,-68,14
-54,-80,-73,-75,-69,14
-59,-66,-73,-68,-70,14
-62,-66,-73,-78,-68,14
-59,-66,-68,-72,-70,14
-56,-66,-73,-75,-69,14
-59,-77,-73,-74,-70,14
-56,-66,-68,-77,-70,14
-59,-76,-73,-76,-67,14
-61,-71,-73,-81,-69,14
-56,-72,-69,-65,-68,14
-59,-66,-68,-70,-68,14
-54,-78,-73,-76,-69,14
-62,-69,-71,-65,-68,14
-57,-77,-73,-65,-69,14
-54,-66,-73,-75,-69,14
-64,-66,-73,-78,-69,14
-54,-67,-73,-76,-70,14
-60,-62,-73,-69,-57,15
-65,-63,-72,-71,-59,15
-70,-66,-72,-71,-64,15
-60,-62,-72,-74,-63,15
-60,-74,-74,-70,-57,15
-70,-70,-80,-71,-57,15
-61,-66,-72,-69,-71,15
-61,-74,-80,-74,-63,15
-59,-64,-76,-71,-62,15
-66,-72,-73,-71,-57,15
