Be01,Be02,Be03,Be04,Be05,Sector
-74,-69,-76,-71,-75,1
-74,-68,-77,-71,-77,1
-72,-71,-76,-71,-83,1
-74,-69,-78,-71,-77,1
-73,-70,-74,-71,-76,1
-72,-69,-77,-71,-76,1
-73,-71,-79,-71,-78,1
-73,-71,-78,-71,-80,1
-72,-69,-78,-69,-82,1
-73,-71,-79,-71,-76,1
-72,-69,-76,-70,-77,1
-73,-71,-78,-70,-83,1
-72,-69,-76,-71,-77,1
-73,-68,-77,-71,-77,1
-72,-71,-78,-71,-75,1
-73,-69,-77,-70,-76,1
-72,-68,-78,-70,-75,1
-73,-69,-79,-69,-83,1
-73,-69,-78,-72,-77,1
-73,-71,-78,-70,-76,1
-73,-71,-77,-71,-76,1
-72,-68,-78,-70,-76,1
-74,-69,-79,-71,-77,1
-74,-69,-78,-70,-74,1
-74,-68,-77,-70,-75,1
-74,-69,-76,-70,-75,1
-72,-71,-77,-71,-75,1
-74,-69,-76,-70,-84,1
-72,-69,-75,-70,-75,1
-72,-69,-78,-69,-75,1
-72,-68,-79,-71,-77,1
-74,-71,-78,-71,-82,1
-72,-69,-76,-71,-77,1
-74,-69,-78,-71,-79,1
-74,-69,-77,-71,-77,1
-72,-68,-77,-72,-76,1
-74,-69,-75,-70,-77,1
-74,-69,-76,-70,-83,1
-74,-70,-75,-71,-79,1
-74,-68,-78,-70,-84,1
-74,-69,-76,-70,-76,1
-72,-71,-76,-69,-85,1
-75,-69,-78,-72,-75,1
-74,-69,-75,-71,-75,1
-74,-68,-78,-72,-83,1
-74,-69,-76,-68,-77,1
-72,-69,-75,-72,-83,1
-74,-69,-77,-71,-77,1
-74,-70,-75,-70,-82,1
-73,-68,-76,-71,-78,1
-73,-70,-78,-70,-77,1
-73,-70,-76,-70,-78,1
-72,-69,-74,-70,-85,1
-72,-70,-79,-70,-77,1
-75,-69,-76,-69,-75,1
-74,-69,-77,-68,-78,1
-73,-69,-75,-71,-78,1
-74,-69,-78,-71,-75,1
-72,-69,-79,-71,-76,1
-74,-68,-79,-71,-75,1
-72,-69,-78,-70,-78,1
-72,-68,-79,-71,-79,1
-73,-70,-79,-69,-76,1
-73,-69,-76,-71,-77,1
-72,-69,-79,-70,-85,1
-72,-70,-79,-70,-81,1
-73,-68,-76,-70,-77,1
-73,-69,-78,-71,-85,1
-72,-68,-76,-71,-77,1
-74,-69,-78,-70,-84,1
-75,-70,-78,-71,-76,1
-75,-71,-78,-71,-76,1
-74,-70,-79,-70,-80,1
-73,-71,-78,-71,-77,1
-73,-69,-75,-71,-83,1
-72,-69,-78,-70,-78,1
-74,-69,-79,-71,-84,1
-73,-70,-76,-71,-80,1
-74,-71,-78,-71,-77,1
-74,-69,-76,-70,-84,1
-72,-71,-79,-71,-75,1
-72,-69,-78,-70,-84,1
-74,-69,-76,-70,-79,1
-72,-71,-76,-71,-77,1
-75,-69,-78,-70,-75,1
-73,-71,-76,-71,-78,1
-74,-69,-78,-70,-75,1
-75,-71,-76,-70,-75,1
-73,-68,-77,-70,-83,1
-75,-68,-77,-71,-79,1
-75,-69,-79,-70,-80,1
-74,-69,-76,-70,-77,1
-75,-69,-78,-71,-84,1
-72,-69,-76,-70,-76,1
-74,-69,-78,-70,-77,1
-73,-69,-76,-70,-75,1
-74,-69,-78,-70,-75,1
-75,-70,-77,-69,-84,1
-73,-69,-76,-70,-75,1
-75,-69,-78,-69,-79,1
-73,-69,-77,-70,-78,1
-75,-69,-77,-72,-76,1
-73,-71,-78,-70,-75,1
-74,-70,-77,-70,-76,1
-75,-69,-77,-72,-84,1
-75,-69,-77,-70,-77,1
-73,-71,-78,-69,-79,1
-74,-69,-76,-69,-75,1
-74,-69,-78,-71,-78,1
-73,-69,-79,-69,-75,1
-75,-69,-76,-72,-84,1
-72,-71,-78,-70,-75,1
-74,-70,-77,-71,-77,1
-74,-71,-79,-70,-76,1
-73,-69,-79,-70,-78,1
-75,-69,-78,-70,-76,1
-73,-69,-77,-70,-76,1
-73,-70,-77,-70,-76,1
-73,-69,-79,-72,-86,1
-75,-71,-76,-70,-77,1
-74,-69,-78,-70,-87,1
-73,-71,-75,-72,-77,1
-74,-71,-78,-70,-76,1
-73,-69,-76,-72,-75,1
-73,-70,-79,-72,-81,1
-73,-69,-78,-70,-76,1
-73,-70,-77,-71,-79,1
-74,-71,-79,-69,-82,1
-73,-69,-78,-72,-77,1
-74,-69,-75,-70,-83,1
-73,-70,-76,-70,-79,1
-75,-71,-79,-69,-80,1
-72,-69,-76,-71,-77,1
-75,-69,-78,-69,-75,1
-72,-69,-75,-71,-77,1
-75,-70,-78,-71,-76,1
-72,-69,-75,-70,-81,1
-74,-69,-79,-71,-75,1
-75,-70,-76,-69,-76,1
-72,-69,-75,-73,-83,1
-73,-69,-78,-70,-77,1
-74,-68,-78,-70,-83,1
-73,-69,-77,-70,-76,1
-74,-69,-78,-70,-75,1
-74,-71,-78,-70,-76,1
-73,-69,-78,-69,-79,1
-73,-69,-78,-70,-75,1
-72,-69,-78,-69,-85,1
-74,-69,-76,-70,-75,1
-72,-70,-79,-70,-83,1
-72,-69,-78,-70,-83,1
-72,-70,-77,-70,-84,1
-74,-71,-79,-71,-77,1
-72,-69,-77,-69,-83,1
-75,-69,-75,-70,-78,1
-74,-69,-77,-71,-80,1
-73,-69,-79,-71,-84,1
-73,-69,-77,-71,-75,1
-72,-69,-78,-69,-76,1
-73,-69,-76,-71,-75,1
-73,-69,-78,-71,-78,1
-73,-70,-76,-70,-75,1
-73,-69,-78,-71,-77,1
-76,-69,-76,-70,-75,1
-73,-70,-78,-70,-75,1
-73,-69,-77,-69,-78,1
-73,-70,-78,-69,-76,1
-74,-69,-75,-70,-75,1
-72,-69,-77,-70,-80,1
-75,-71,-75,-71,-78,1
-72,-71,-79,-70,-81,1
-74,-71,-77,-71,-76,1
-74,-69,-76,-70,-75,1
-72,-69,-76,-70,-83,1
-74,-69,-76,-71,-83,1
-73,-70,-78,-71,-80,1
-73,-69,-76,-71,-78,1
-73,-69,-77,-70,-84,1
-74,-70,-79,-70,-75,1
-74,-69,-78,-71,-74,1
-73,-70,-77,-70,-83,1
-71,-69,-77,-70,-79,1
-76,-69,-76,-72,-78,1
-76,-69,-79,-70,-80,1
-72,-69,-75,-69,-86,1
-74,-70,-76,-72,-78,1
-72,-69,-77,-70,-76,1
-74,-70,-75,-72,-76,1
-73,-70,-79,-69,-86,1
-76,-69,-75,-71,-76,1
-74,-69,-78,-71,-77,1
-74,-69,-77,-71,-75,1
-76,-70,-78,-70,-84,1
-72,-68,-77,-71,-77,1
-78,-71,-80,-70,-85,1
-74,-68,-75,-71,-78,1
-75,-69,-79,-70,-84,1
-74,-69,-76,-71,-79,1
-77,-70,-80,-69,-75,1
-74,-69,-82,-71,-81,1
-74,-69,-76,-71,-86,1
-74,-69,-81,-71,-78,1
-72,-69,-75,-70,-87,1
-76,-68,-79,-72,-77,1
-77,-69,-79,-70,-77,1
-76,-69,-77,-71,-78,1
-73,-68,-77,-70,-81,1
-74,-70,-77,-71,-75,1
-73,-69,-80,-71,-76,1
-74,-70,-79,-72,-85,1
-73,-69,-81,-71,-76,1
-73,-69,-79,-71,-86,1
-76,-69,-75,-71,-76,1
-73,-69,-79,-71,-76,1
-73,-69,-77,-71,-77,1
-74,-69,-77,-72,-80,1
-74,-70,-75,-71,-86,1
-72,-69,-78,-72,-78,1
-74,-69,-76,-71,-86,1
-75,-69,-79,-73,-78,1
-76,-68,-75,-71,-76,1
-74,-69,-79,-72,-78,1
-73,-70,-79,-71,-79,1
-75,-68,-75,-71,-86,1
-74,-69,-79,-71,-78,1
-73,-69,-75,-71,-76,1
-74,-70,-77,-71,-76,1
-72,-70,-77,-71,-79,1
-75,-70,-79,-71,-87,1
-75,-69,-75,-71,-76,1
-73,-69,-77,-71,-76,1
-72,-69,-77,-71,-79,1
-75,-70,-76,-71,-79,1
-76,-70,-78,-71,-85,1
-76,-70,-77,-71,-82,1
-74,-70,-79,-71,-87,1
-74,-69,-78,-71,-80,1
-74,-69,-75,-70,-81,1
-72,-69,-77,-71,-77,1
-77,-69,-80,-71,-79,1
-74,-69,-78,-71,-76,1
-74,-69,-79,-71,-78,1
-73,-69,-75,-71,-76,1
-77,-69,-78,-72,-78,1
-73,-69,-79,-71,-86,1
-75,-68,-79,-71,-76,1
-74,-69,-78,-71,-87,1
-72,-69,-77,-71,-79,1
-74,-70,-75,-71,-76,1
-72,-69,-78,-71,-87,1
-76,-70,-75,-71,-77,1
-75,-68,-77,-72,-78,1
-72,-69,-75,-71,-77,1
-74,-69,-78,-71,-77,1
-76,-69,-75,-70,-81,1
-72,-70,-80,-70,-77,1
-75,-70,-75,-70,-76,1
-75,-70,-77,-71,-81,1
-74,-68,-79,-72,-78,1
-74,-69,-78,-70,-86,1
-76,-70,-81,-71,-78,1
-75,-69,-74,-71,-81,1
-73,-69,-75,-71,-81,1
-76,-70,-78,-71,-87,1
-73,-70,-80,-71,-77,1
-73,-69,-74,-71,-86,1
-73,-69,-79,-71,-79,1
-73,-70,-79,-71,-77,1
-72,-69,-74,-70,-77,1
-74,-70,-78,-70,-76,1
-75,-69,-74,-72,-78,1
-74,-69,-79,-70,-76,1
-76,-68,-77,-72,-76,1
-73,-68,-74,-71,-77,1
-76,-68,-79,-72,-76,1
-74,-69,-74,-70,-77,1
-76,-68,-79,-71,-84,1
-73,-69,-81,-71,-78,1
-73,-68,-81,-72,-77,1
-73,-69,-80,-71,-77,1
-73,-70,-74,-71,-86,1
-74,-68,-80,-70,-78,1
-74,-69,-74,-70,-76,1
-76,-69,-79,-70,-77,1
-76,-68,-74,-70,-76,1
-74,-68,-80,-70,-78,1
-74,-68,-81,-70,-78,1
-73,-69,-81,-73,-76,1
-73,-68,-81,-70,-76,1
-74,-68,-80,-70,-78,1
-74,-68,-79,-71,-86,1
-73,-70,-78,-71,-77,1
-76,-69,-77,-70,-76,1
-72,-68,-79,-71,-78,1
-73,-70,-76,-71,-80,1
-74,-69,-74,-70,-77,1
-77,-69,-75,-70,-77,1
-76,-70,-75,-71,-76,1
-73,-68,-79,-70,-75,1
-73,-69,-75,-69,-76,1
-79,-68,-77,-69,-84,1
-72,-67,-77,-69,-78,1
-72,-70,-77,-69,-84,1
-73,-71,-78,-70,-77,1
-73,-68,-79,-70,-79,1
-73,-70,-75,-67,-78,1
-73,-69,-74,-70,-78,1
-73,-69,-80,-69,-83,1
-72,-69,-74,-69,-77,1
-73,-70,-79,-70,-79,1
-73,-67,-77,-72,-82,1
-77,-70,-77,-71,-84,1
-73,-69,-78,-69,-75,1
-74,-70,-80,-69,-82,1
-74,-69,-74,-71,-81,1
-75,-68,-77,-71,-81,1
-77,-71,-75,-69,-81,1
-78,-67,-81,-70,-80,1
-79,-69,-75,-76,-79,1
-76,-67,-77,-68,-75,1
-85,-68,-81,-75,-74,1
-77,-67,-80,-71,-76,1
-69,-76,-79,-67,-82,2
-70,-77,-73,-66,-76,2
-68,-77,-83,-63,-84,2
-70,-77,-72,-65,-80,2
-69,-80,-78,-67,-77,2
-70,-76,-72,-64,-79,2
-68,-77,-83,-64,-78,2
-73,-78,-78,-69,-80,2
-70,-76,-73,-66,-80,2
-69,-77,-83,-64,-76,2
-68,-77,-78,-66,-80,2
-69,-77,-77,-66,-77,2
-68,-77,-73,-66,-77,2
-71,-77,-77,-68,-79,2
-71,-80,-76,-66,-76,2
-69,-81,-74,-67,-77,2
-71,-77,-78,-64,-79,2
-69,-78,-72,-66,-78,2
-70,-78,-76,-64,-80,2
-69,-81,-76,-67,-76,2
-70,-80,-75,-66,-80,2
-69,-76,-73,-67,-79,2
-69,-79,-73,-66,-77,2
-71,-81,-78,-68,-76,2
-69,-81,-78,-68,-77,2
-70,-81,-73,-69,-79,2
-69,-81,-73,-68,-80,2
-69,-77,-78,-66,-79,2
-69,-77,-78,-67,-80,2
-70,-78,-73,-66,-83,2
-70,-76,-78,-65,-78,2
-69,-77,-78,-65,-80,2
-69,-78,-77,-65,-78,2
-70,-76,-77,-65,-78,2
-70,-78,-71,-65,-83,2
-67,-76,-77,-65,-78,2
-69,-78,-72,-65,-82,2
-69,-80,-73,-65,-80,2
-70,-77,-73,-68,-80,2
-68,-77,-78,-66,-78,2
-69,-80,-78,-67,-78,2
-70,-80,-78,-67,-78,2
-70,-81,-73,-66,-78,2
-69,-83,-73,-67,-79,2
-68,-78,-73,-65,-78,2
-69,-81,-79,-65,-80,2
-70,-78,-73,-65,-80,2
-72,-83,-78,-69,-78,2
-71,-76,-79,-68,-77,2
-71,-77,-73,-67,-80,2
-71,-77,-79,-68,-79,2
-68,-77,-79,-67,-76,2
-71,-77,-76,-67,-76,2
-69,-77,-79,-67,-76,2
-71,-78,-73,-67,-82,2
-69,-77,-73,-66,-78,2
-69,-77,-73,-67,-79,2
-70,-78,-79,-69,-82,2
-68,-78,-73,-69,-76,2
-69,-77,-79,-67,-76,2
-70,-84,-79,-66,-78,2
-71,-78,-73,-69,-77,2
-70,-78,-73,-67,-80,2
-69,-77,-73,-67,-79,2
-68,-78,-79,-65,-78,2
-70,-76,-73,-66,-77,2
-70,-78,-75,-67,-80,2
-69,-78,-79,-67,-77,2
-68,-77,-79,-66,-82,2
-70,-77,-78,-65,-78,2
-69,-77,-79,-66,-81,2
-70,-77,-77,-68,-79,2
-71,-77,-73,-70,-78,2
-68,-78,-78,-65,-79,2
-70,-77,-72,-66,-77,2
-69,-77,-72,-65,-79,2
-69,-77,-72,-65,-78,2
-70,-77,-72,-66,-77,2
-70,-77,-72,-65,-79,2
-68,-78,-78,-66,-77,2
-71,-77,-72,-65,-77,2
-68,-77,-78,-67,-81,2
-71,-81,-78,-70,-79,2
-69,-77,-78,-68,-80,2
-71,-77,-72,-65,-77,2
-68,-77,-73,-64,-79,2
-70,-77,-78,-65,-79,2
-69,-79,-78,-65,-78,2
-70,-77,-73,-66,-80,2
-71,-84,-73,-70,-77,2
-69,-77,-73,-65,-79,2
-69,-79,-79,-65,-82,2
-69,-77,-78,-67,-80,2
-71,-78,-79,-67,-79,2
-69,-79,-79,-65,-79,2
-69,-80,-71,-68,-80,2
-71,-77,-79,-66,-77,2
-70,-77,-73,-66,-79,2
-69,-79,-84,-65,-76,2
-71,-78,-80,-67,-75,2
-68,-84,-79,-62,-78,2
-69,-77,-81,-64,-76,2
-70,-81,-84,-68,-79,2
-68,-78,-78,-64,-81,2
-70,-79,-73,-66,-80,2
-69,-78,-73,-66,-80,2
-71,-79,-73,-67,-79,2
-68,-77,-77,-65,-80,2
-71,-80,-73,-65,-77,2
-70,-79,-79,-64,-79,2
-71,-79,-73,-69,-80,2
-68,-78,-86,-66,-80,2
-71,-78,-73,-69,-78,2
-69,-79,-73,-67,-79,2
-67,-78,-81,-67,-77,2
-69,-78,-78,-66,-80,2
-69,-80,-78,-69,-80,2
-71,-78,-85,-64,-80,2
-70,-80,-78,-69,-77,2
-70,-78,-82,-66,-78,2
-69,-79,-73,-65,-81,2
-69,-78,-85,-66,-79,2
-70,-78,-85,-65,-80,2
-70,-79,-73,-64,-79,2
-70,-79,-74,-67,-79,2
-68,-77,-78,-64,-77,2
-70,-82,-84,-64,-81,2
-69,-80,-79,-67,-79,2
-68,-80,-78,-68,-79,2
-69,-80,-78,-67,-78,2
-71,-79,-73,-66,-80,2
-70,-82,-80,-67,-80,2
-70,-79,-84,-66,-78,2
-68,-78,-75,-64,-80,2
-71,-78,-83,-65,-77,2
-71,-84,-83,-63,-80,2
-70,-81,-73,-65,-80,2
-67,-79,-77,-64,-80,2
-68,-79,-78,-69,-80,2
-68,-79,-79,-67,-78,2
-69,-78,-75,-65,-79,2
-70,-80,-72,-69,-80,2
-68,-79,-78,-65,-80,2
-70,-79,-78,-66,-77,2
-70,-82,-83,-65,-79,2
-69,-79,-80,-67,-79,2
-69,-79,-77,-66,-77,2
-69,-81,-72,-64,-81,2
-71,-83,-72,-66,-79,2
-70,-78,-78,-68,-78,2
-70,-83,-78,-65,-78,2
-70,-79,-84,-69,-81,2
-68,-80,-77,-65,-77,2
-68,-80,-72,-67,-79,2
-70,-79,-78,-65,-78,2
-68,-83,-72,-69,-81,2
-70,-81,-73,-64,-80,2
-69,-80,-78,-64,-79,2
-69,-78,-78,-66,-78,2
-70,-79,-78,-64,-79,2
-68,-79,-84,-70,-79,2
-71,-82,-79,-65,-79,2
-71,-77,-72,-66,-80,2
-70,-80,-73,-65,-79,2
-70,-76,-73,-64,-76,2
-68,-78,-83,-65,-78,2
-71,-78,-73,-70,-75,2
-71,-82,-73,-66,-79,2
-69,-78,-75,-65,-78,2
-69,-79,-78,-66,-76,2
-71,-76,-74,-69,-76,2
-71,-79,-80,-65,-80,2
-68,-77,-72,-71,-78,2
-71,-81,-73,-66,-80,2
-69,-76,-72,-67,-80,2
-68,-77,-78,-66,-76,2
-71,-78,-82,-64,-81,2
-69,-78,-81,-67,-80,2
-69,-77,-75,-66,-82,2
-71,-76,-73,-66,-81,2
-68,-78,-72,-66,-80,2
-69,-81,-81,-71,-78,2
-69,-76,-83,-68,-78,2
-70,-78,-79,-69,-82,2
-71,-78,-82,-70,-80,2
-71,-80,-81,-67,-83,2
-69,-84,-81,-69,-77,2
-70,-78,-82,-71,-78,2
-71,-79,-75,-69,-79,2
-69,-80,-76,-67,-77,2
-71,-78,-73,-68,-80,2
-68,-78,-79,-73,-77,2
-69,-82,-75,-71,-78,2
-72,-80,-85,-70,-78,2
-67,-77,-75,-76,-78,2
-70,-76,-72,-75,-78,2
-70,-77,-75,-71,-79,2
-69,-80,-72,-74,-77,2
-70,-77,-79,-72,-74,2
-69,-80,-80,-70,-77,2
-74,-79,-78,-70,-76,2
-66,-77,-81,-66,-82,2
-72,-77,-74,-66,-77,2
-74,-79,-77,-66,-79,2
-69,-80,-80,-64,-77,2
-69,-77,-80,-67,-82,2
-71,-74,-80,-63,-79,2
-70,-79,-86,-65,-75,2
-70,-78,-74,-67,-82,2
-69,-79,-73,-66,-80,2
-70,-80,-74,-63,-89,2
-70,-77,-74,-68,-84,2
-67,-78,-78,-67,-83,2
-68,-75,-79,-66,-81,2
-69,-75,-76,-66,-82,2
-72,-81,-77,-63,-82,2
-71,-84,-86,-66,-84,2
-69,-75,-81,-65,-83,2
-67,-76,-86,-73,-77,2
-68,-81,-82,-67,-84,2
-68,-84,-74,-67,-81,2
-69,-79,-85,-68,-75,2
-67,-77,-77,-67,-75,2
-67,-73,-74,-69,-76,2
-70,-73,-82,-62,-86,2
-69,-81,-80,-65,-83,2
-71,-82,-80,-64,-82,2
-70,-83,-83,-74,-84,2
-70,-83,-80,-68,-75,2
-69,-72,-75,-65,-81,2
-67,-74,-75,-70,-81,2
-72,-77,-79,-67,-78,2
-74,-76,-85,-68,-81,2
-68,-75,-75,-65,-79,2
-70,-80,-77,-65,-77,2
-73,-80,-75,-69,-80,2
-73,-75,-75,-65,-77,2
-68,-75,-77,-68,-81,2
-72,-84,-78,-65,-84,2
-71,-83,-75,-65,-76,2
-68,-84,-78,-63,-75,2
-69,-84,-75,-70,-79,2
-70,-84,-84,-65,-83,2
-69,-79,-74,-65,-79,2
-69,-77,-78,-65,-80,2
-73,-80,-75,-64,-78,2
-74,-77,-74,-65,-81,2
-82,-76,-81,-67,-78,2
-78,-77,-84,-66,-80,2
-75,-82,-80,-67,-80,3
-75,-70,-83,-72,-85,3
-76,-69,-78,-68,-86,3
-75,-82,-78,-71,-85,3
-75,-78,-78,-70,-85,3
-75,-69,-82,-68,-82,3
-76,-86,-78,-72,-85,3
-76,-86,-79,-67,-82,3
-74,-87,-76,-68,-84,3
-74,-77,-84,-70,-85,3
-74,-83,-84,-66,-83,3
-75,-85,-82,-70,-82,3
-76,-76,-85,-67,-84,3
-75,-77,-79,-75,-83,3
-75,-70,-78,-66,-80,3
-75,-85,-77,-74,-83,3
-75,-69,-80,-66,-85,3
-75,-69,-82,-71,-84,3
-75,-86,-80,-66,-84,3
-75,-69,-80,-69,-82,3
-75,-86,-77,-74,-84,3
-74,-70,-84,-71,-84,3
-75,-91,-82,-66,-82,3
-75,-82,-81,-67,-85,3
-75,-69,-79,-70,-83,3
-75,-85,-83,-69,-83,3
-75,-70,-80,-71,-81,3
-75,-85,-83,-69,-84,3
-75,-85,-81,-70,-82,3
-76,-77,-79,-69,-85,3
-74,-83,-80,-75,-80,3
-75,-85,-79,-66,-83,3
-74,-78,-78,-71,-81,3
-75,-87,-80,-65,-83,3
-74,-73,-81,-71,-83,3
-75,-84,-84,-67,-84,3
-74,-70,-80,-66,-85,3
-76,-81,-81,-72,-80,3
-77,-70,-79,-69,-83,3
-75,-84,-79,-70,-83,3
-74,-85,-83,-74,-79,3
-77,-80,-81,-66,-86,3
-77,-78,-81,-69,-81,3
-75,-83,-76,-73,-80,3
-74,-71,-80,-66,-82,3
-74,-80,-78,-67,-84,3
-75,-76,-82,-72,-81,3
-75,-73,-81,-66,-79,3
-75,-81,-81,-68,-80,3
-77,-73,-78,-67,-80,3
-75,-88,-81,-75,-83,3
-76,-83,-77,-69,-81,3
-76,-88,-84,-75,-82,3
-74,-70,-81,-66,-84,3
-75,-79,-78,-67,-81,3
-75,-81,-83,-72,-81,3
-75,-70,-84,-65,-78,3
-74,-80,-78,-67,-87,3
-73,-81,-79,-74,-81,3
-74,-71,-79,-68,-83,3
-73,-86,-81,-68,-83,3
-74,-70,-81,-69,-88,3
-77,-84,-82,-74,-82,3
-73,-78,-84,-67,-81,3
-74,-81,-78,-72,-84,3
-74,-80,-80,-68,-83,3
-75,-70,-80,-70,-80,3
-75,-85,-83,-74,-83,3
-75,-81,-78,-68,-81,3
-74,-80,-80,-76,-83,3
-74,-78,-78,-72,-80,3
-74,-79,-76,-71,-80,3
-74,-85,-79,-67,-81,3
-78,-82,-78,-67,-79,3
-75,-85,-79,-67,-82,3
-77,-82,-77,-67,-80,3
-74,-84,-79,-81,-81,3
-73,-78,-79,-67,-80,3
-77,-72,-78,-67,-80,3
-73,-84,-79,-67,-82,3
-73,-78,-78,-73,-80,3
-74,-71,-79,-73,-80,3
-75,-78,-78,-73,-81,3
-73,-86,-78,-67,-82,3
-74,-71,-79,-79,-81,3
-77,-83,-79,-67,-82,3
-74,-82,-77,-78,-81,3
-73,-86,-78,-67,-80,3
-75,-77,-77,-79,-80,3
-75,-71,-78,-67,-80,3
-75,-78,-77,-69,-78,3
-74,-78,-76,-75,-81,3
-75,-78,-79,-67,-81,3
-75,-77,-78,-73,-81,3
-72,-82,-79,-67,-80,3
-73,-82,-79,-65,-81,3
-77,-85,-79,-80,-81,3
-73,-82,-79,-67,-81,3
-75,-82,-78,-73,-80,3
-74,-72,-79,-80,-80,3
-74,-82,-78,-74,-81,3
-73,-82,-77,-67,-81,3
-77,-71,-77,-67,-82,3
-73,-72,-79,-80,-82,3
-73,-78,-77,-67,-81,3
-74,-78,-79,-67,-79,3
-77,-82,-79,-80,-80,3
-74,-86,-79,-67,-81,3
-75,-84,-79,-67,-81,3
-77,-82,-77,-67,-81,3
-74,-82,-78,-67,-81,3
-75,-82,-78,-73,-81,3
-74,-82,-78,-73,-82,3
-75,-85,-77,-73,-82,3
-74,-79,-79,-67,-82,3
-73,-82,-79,-67,-81,3
-77,-72,-78,-80,-82,3
-73,-84,-80,-71,-82,3
-73,-82,-79,-67,-81,3
-73,-77,-79,-67,-82,3
-75,-79,-77,-80,-80,3
-73,-71,-79,-67,-80,3
-74,-83,-77,-67,-82,3
-73,-86,-77,-67,-81,3
-77,-78,-79,-67,-80,3
-74,-71,-77,-67,-82,3
-75,-78,-79,-67,-81,3
-74,-71,-78,-67,-80,3
-75,-86,-77,-72,-83,3
-73,-71,-79,-67,-84,3
-74,-71,-78,-67,-83,3
-75,-82,-79,-72,-84,3
-74,-81,-79,-78,-84,3
-73,-71,-79,-67,-81,3
-74,-78,-79,-67,-79,3
-74,-86,-80,-67,-82,3
-73,-71,-79,-67,-82,3
-74,-84,-80,-72,-81,3
-74,-86,-78,-66,-81,3
-73,-81,-80,-73,-84,3
-77,-82,-79,-71,-82,3
-73,-76,-80,-77,-83,3
-74,-71,-78,-66,-83,3
-73,-81,-81,-77,-82,3
-73,-69,-81,-67,-81,3
-75,-86,-81,-76,-83,3
-74,-76,-80,-66,-82,3
-74,-77,-80,-68,-82,3
-75,-78,-79,-70,-82,3
-74,-81,-79,-70,-82,3
-75,-76,-79,-69,-82,3
-73,-87,-81,-66,-82,3
-75,-81,-79,-67,-82,3
-75,-76,-81,-70,-82,3
-75,-88,-81,-67,-82,3
-75,-81,-81,-75,-83,3
-75,-84,-80,-67,-82,3
-75,-80,-81,-70,-81,3
-75,-71,-78,-66,-83,3
-73,-81,-81,-75,-82,3
-75,-71,-79,-71,-82,3
-75,-71,-78,-66,-83,3
-73,-81,-81,-69,-82,3
-75,-81,-79,-70,-81,3
-75,-81,-78,-70,-82,3
-75,-76,-81,-74,-82,3
-74,-84,-79,-67,-82,3
-74,-78,-78,-69,-83,3
-74,-77,-77,-66,-82,3
-73,-74,-77,-68,-82,3
-76,-77,-80,-67,-84,3
-76,-81,-80,-76,-79,3
-73,-70,-78,-73,-82,3
-73,-80,-82,-71,-81,3
-74,-77,-84,-70,-83,3
-78,-84,-83,-70,-83,3
-76,-77,-82,-66,-87,3
-73,-76,-79,-70,-82,3
-76,-73,-83,-66,-81,3
-73,-80,-86,-70,-89,3
-73,-80,-83,-74,-86,3
-75,-84,-81,-69,-82,3
-75,-81,-84,-65,-84,3
-73,-83,-83,-68,-83,3
-74,-78,-80,-66,-81,3
-75,-84,-80,-67,-81,3
-74,-75,-83,-72,-88,3
-74,-71,-81,-67,-83,3
-74,-74,-80,-68,-87,3
-75,-70,-81,-73,-80,3
-74,-78,-79,-71,-82,3
-77,-82,-84,-66,-81,3
-75,-80,-80,-71,-89,3
-74,-83,-80,-71,-81,3
-74,-81,-83,-66,-86,3
-76,-78,-79,-71,-88,3
-74,-88,-84,-75,-85,3
-75,-80,-80,-69,-85,3
-75,-81,-80,-70,-81,3
-75,-80,-80,-68,-87,3
-75,-71,-84,-70,-82,3
-73,-83,-84,-69,-84,3
-73,-82,-83,-73,-84,3
-73,-80,-82,-70,-83,3
-73,-71,-80,-73,-83,3
-75,-80,-84,-69,-82,3
-73,-80,-87,-69,-81,3
-80,-79,-88,-71,-85,3
-74,-80,-82,-71,-86,3
-75,-80,-82,-71,-81,3
-75,-75,-88,-68,-81,3
-73,-79,-86,-67,-83,3
-76,-75,-82,-69,-86,3
-76,-80,-88,-69,-85,3
-73,-79,-85,-69,-81,3
-76,-79,-81,-69,-81,3
-76,-75,-84,-70,-80,3
-77,-79,-80,-71,-86,3
-73,-80,-84,-70,-80,3
-73,-76,-80,-68,-81,3
-74,-77,-80,-68,-84,3
-75,-81,-81,-69,-81,3
-76,-75,-83,-66,-83,3
-72,-71,-82,-71,-82,3
-77,-84,-77,-67,-81,3
-75,-71,-80,-72,-80,3
-76,-74,-83,-68,-84,3
-77,-78,-85,-67,-88,3
-76,-70,-81,-69,-84,3
-76,-71,-84,-69,-79,3
-74,-70,-80,-70,-86,3
-76,-77,-83,-66,-78,3
-76,-69,-81,-67,-82,3
-76,-78,-81,-68,-80,3
-74,-81,-82,-68,-81,3
-75,-93,-82,-75,-81,3
-76,-70,-79,-74,-83,3
-76,-71,-82,-66,-82,3
-74,-79,-81,-72,-82,3
-75,-70,-77,-76,-85,3
-75,-89,-79,-69,-84,3
-75,-70,-81,-76,-79,3
-74,-82,-79,-69,-80,3
-75,-82,-81,-69,-83,3
-75,-82,-79,-71,-83,3
-75,-85,-81,-67,-82,3
-73,-78,-77,-66,-83,3
-75,-79,-79,-66,-81,3
-75,-84,-81,-72,-78,3
-74,-69,-80,-65,-82,3
-75,-89,-81,-67,-81,3
-77,-84,-83,-68,-80,3
-75,-71,-78,-66,-82,3
-74,-81,-79,-68,-80,3
-76,-71,-80,-69,-81,3
-75,-71,-80,-73,-81,3
-76,-71,-81,-66,-80,3
-77,-80,-82,-73,-82,3
-74,-70,-81,-70,-81,3
-74,-79,-81,-71,-80,3
-78,-83,-85,-67,-80,3
-75,-75,-82,-70,-80,3
-75,-81,-84,-74,-80,3
-75,-71,-82,-68,-82,3
-74,-71,-84,-68,-80,3
-78,-90,-82,-68,-80,3
-77,-71,-82,-66,-81,3
-78,-80,-82,-75,-80,3
-74,-80,-81,-74,-79,3
-74,-73,-81,-66,-80,3
-77,-80,-83,-66,-82,3
-76,-72,-82,-69,-80,3
-74,-87,-85,-66,-79,3
-76,-80,-83,-68,-79,3
-76,-72,-81,-66,-83,3
-76,-86,-81,-74,-78,3
-74,-86,-79,-69,-81,3
-77,-67,-73,-62,-70,4
-76,-68,-78,-65,-71,4
-77,-68,-74,-63,-76,4
-75,-65,-79,-65,-73,4
-78,-68,-74,-70,-75,4
-75,-67,-78,-65,-70,4
-76,-67,-79,-63,-76,4
-80,-68,-78,-69,-72,4
-76,-67,-79,-65,-75,4
-81,-69,-78,-69,-72,4
-78,-67,-78,-67,-73,4
-77,-69,-80,-65,-74,4
-75,-66,-74,-65,-71,4
-76,-69,-78,-65,-74,4
-78,-69,-77,-70,-72,4
-84,-66,-80,-65,-76,4
-75,-67,-78,-68,-74,4
-75,-67,-78,-66,-74,4
-76,-67,-78,-70,-77,4
-84,-69,-78,-65,-74,4
-76,-67,-78,-62,-77,4
-76,-68,-77,-65,-74,4
-84,-68,-77,-63,-77,4
-82,-67,-77,-67,-74,4
-75,-68,-78,-64,-73,4
-79,-69,-78,-67,-72,4
-79,-68,-77,-67,-71,4
-79,-69,-76,-63,-73,4
-77,-69,-74,-68,-75,4
-75,-66,-77,-60,-73,4
-79,-69,-74,-64,-74,4
-76,-66,-76,-64,-71,4
-79,-68,-78,-65,-73,4
-74,-65,-75,-62,-72,4
-78,-68,-75,-67,-73,4
-73,-67,-76,-67,-76,4
-76,-68,-77,-63,-76,4
-73,-66,-74,-65,-74,4
-76,-70,-77,-63,-76,4
-77,-66,-76,-68,-75,4
-81,-67,-77,-66,-73,4
-76,-69,-78,-67,-77,4
-79,-69,-72,-66,-72,4
-76,-66,-79,-67,-72,4
-75,-67,-78,-62,-73,4
-76,-67,-74,-61,-71,4
-76,-67,-75,-66,-74,4
-76,-69,-76,-65,-74,4
-75,-67,-72,-68,-75,4
-75,-68,-75,-65,-72,4
-82,-65,-74,-68,-75,4
-76,-69,-77,-62,-72,4
-80,-68,-76,-62,-74,4
-75,-67,-74,-69,-73,4
-81,-70,-80,-61,-70,4
-79,-67,-74,-63,-73,4
-80,-68,-77,-61,-72,4
-76,-68,-80,-65,-74,4
-81,-67,-74,-69,-72,4
-78,-68,-80,-61,-74,4
-77,-67,-74,-69,-76,4
-79,-67,-76,-62,-72,4
-82,-68,-74,-63,-74,4
-77,-67,-76,-60,-76,4
-80,-68,-76,-61,-75,4
-77,-67,-76,-66,-74,4
-83,-67,-80,-71,-74,4
-77,-68,-77,-62,-76,4
-83,-67,-80,-70,-72,4
-77,-68,-76,-62,-75,4
-83,-66,-74,-65,-72,4
-77,-70,-76,-66,-76,4
-80,-67,-74,-63,-71,4
-80,-69,-74,-68,-75,4
-83,-69,-75,-70,-76,4
-77,-67,-80,-62,-72,4
-77,-68,-74,-66,-75,4
-77,-67,-80,-70,-74,4
-77,-67,-76,-63,-73,4
-82,-67,-75,-62,-72,4
-77,-68,-77,-62,-75,4
-78,-70,-80,-65,-74,4
-77,-67,-74,-62,-75,4
-78,-69,-77,-62,-74,4
-78,-67,-77,-70,-76,4
-77,-67,-76,-67,-74,4
-82,-67,-76,-66,-74,4
-76,-68,-74,-62,-75,4
-79,-68,-75,-63,-71,4
-76,-69,-80,-65,-70,4
-75,-68,-77,-64,-73,4
-82,-68,-74,-60,-73,4
-76,-67,-77,-65,-74,4
-75,-68,-79,-69,-73,4
-82,-66,-74,-65,-71,4
-77,-70,-80,-65,-76,4
-76,-66,-76,-62,-73,4
-76,-66,-78,-63,-73,4
-76,-66,-76,-66,-72,4
-76,-68,-73,-63,-74,4
-84,-68,-76,-63,-73,4
-77,-68,-75,-65,-72,4
-75,-66,-78,-68,-71,4
-75,-68,-75,-68,-72,4
-75,-67,-75,-68,-72,4
-75,-66,-80,-66,-74,4
-81,-69,-77,-63,-76,4
-76,-69,-80,-64,-74,4
-76,-68,-76,-70,-72,4
-77,-67,-77,-66,-75,4
-76,-68,-77,-67,-72,4
-75,-69,-74,-68,-74,4
-75,-68,-78,-66,-72,4
-76,-67,-78,-64,-73,4
-75,-68,-76,-67,-72,4
-76,-68,-77,-65,-74,4
-75,-68,-76,-67,-72,4
-74,-68,-77,-65,-73,4
-74,-68,-75,-63,-72,4
-84,-69,-79,-68,-75,4
-73,-68,-76,-62,-75,4
-77,-67,-76,-65,-73,4
-76,-68,-79,-67,-71,4
-74,-67,-80,-68,-72,4
-76,-69,-74,-65,-71,4
-76,-68,-74,-66,-72,4
-80,-68,-81,-70,-74,4
-76,-67,-75,-66,-75,4
-78,-67,-76,-65,-72,4
-75,-68,-74,-64,-74,4
-82,-66,-80,-65,-71,4
-76,-68,-77,-62,-74,4
-76,-66,-80,-66,-74,4
-76,-65,-74,-71,-71,4
-76,-68,-80,-63,-75,4
-77,-65,-74,-72,-74,4
-76,-68,-80,-66,-75,4
-83,-67,-74,-69,-75,4
-76,-67,-81,-64,-72,4
-81,-70,-80,-69,-71,4
-78,-68,-78,-64,-71,4
-76,-70,-75,-63,-75,4
-77,-67,-77,-71,-72,4
-78,-68,-81,-69,-71,4
-84,-69,-81,-63,-74,4
-75,-67,-75,-63,-73,4
-82,-67,-78,-61,-75,4
-76,-68,-76,-63,-75,4
-82,-67,-76,-63,-75,4
-75,-68,-79,-68,-72,4
-78,-66,-77,-65,-73,4
-75,-69,-75,-62,-71,4
-82,-68,-79,-66,-74,4
-74,-65,-76,-65,-74,4
-74,-66,-78,-67,-74,4
-83,-68,-76,-70,-71,4
-74,-66,-82,-63,-75,4
-74,-65,-73,-71,-71,4
-75,-66,-75,-67,-71,4
-75,-67,-76,-64,-74,4
-78,-68,-77,-65,-74,4
-77,-69,-73,-67,-74,4
-76,-66,-81,-64,-75,4
-76,-69,-74,-66,-74,4
-78,-66,-78,-64,-73,4
-79,-67,-76,-65,-75,4
-73,-67,-82,-74,-75,4
-74,-70,-75,-64,-73,4
-80,-68,-79,-65,-73,4
-77,-66,-80,-71,-73,4
-84,-70,-75,-65,-74,4
-74,-67,-76,-63,-73,4
-76,-67,-74,-71,-73,4
-77,-70,-81,-66,-74,4
-84,-67,-74,-71,-75,4
-82,-70,-78,-64,-70,4
-74,-66,-76,-67,-72,4
-81,-66,-79,-62,-73,4
-76,-66,-75,-62,-71,4
-75,-66,-78,-70,-74,4
-75,-66,-78,-67,-72,4
-77,-68,-73,-71,-72,4
-75,-67,-76,-66,-74,4
-77,-68,-75,-66,-71,4
-77,-67,-79,-67,-74,4
-81,-67,-75,-67,-75,4
-75,-70,-75,-71,-72,4
-74,-68,-77,-66,-71,4
-80,-66,-76,-68,-72,4
-79,-68,-76,-69,-73,4
-77,-67,-76,-63,-74,4
-80,-68,-80,-62,-73,4
-75,-70,-76,-65,-72,4
-75,-67,-77,-62,-74,4
-83,-68,-79,-66,-75,4
-76,-68,-75,-64,-75,4
-73,-68,-79,-67,-73,4
-81,-67,-77,-70,-74,4
-75,-70,-74,-66,-75,4
-80,-68,-75,-68,-72,4
-76,-66,-75,-70,-73,4
-77,-69,-79,-68,-75,4
-83,-67,-73,-63,-72,4
-77,-68,-80,-71,-73,4
-83,-67,-72,-66,-72,4
-75,-68,-79,-66,-72,4
-75,-65,-76,-62,-72,4
-77,-65,-78,-71,-75,4
-79,-68,-77,-68,-74,4
-83,-65,-74,-66,-73,4
-77,-68,-79,-71,-75,4
-76,-65,-76,-65,-73,4
-79,-68,-77,-71,-74,4
-76,-70,-79,-68,-73,4
-77,-67,-78,-62,-75,4
-83,-70,-76,-63,-72,4
-76,-67,-79,-63,-73,4
-74,-66,-77,-63,-74,4
-76,-70,-75,-63,-75,4
-80,-69,-79,-71,-74,4
-80,-67,-72,-66,-71,4
-75,-66,-74,-64,-72,4
-75,-68,-76,-67,-74,4
-75,-68,-78,-68,-74,4
-78,-66,-74,-68,-73,4
-76,-68,-74,-63,-74,4
-79,-65,-78,-67,-73,4
-75,-69,-72,-65,-75,4
-76,-69,-75,-60,-73,4
-75,-66,-80,-72,-71,4
-77,-68,-74,-61,-72,4
-75,-67,-79,-67,-74,4
-82,-68,-77,-67,-72,4
-80,-67,-78,-66,-72,4
-79,-67,-79,-61,-72,4
-75,-69,-74,-63,-75,4
-79,-67,-79,-64,-74,4
-85,-67,-74,-74,-71,4
-76,-67,-76,-64,-74,4
-76,-68,-74,-63,-76,4
-77,-68,-79,-63,-74,4
-80,-68,-78,-63,-71,4
-77,-70,-77,-73,-76,4
-81,-68,-81,-63,-75,4
-75,-69,-75,-72,-75,4
-76,-68,-82,-66,-72,4
-79,-70,-75,-72,-71,4
-82,-66,-80,-66,-74,4
-77,-69,-80,-67,-71,4
-78,-68,-79,-65,-73,4
-79,-67,-80,-64,-71,4
-76,-66,-74,-72,-74,4
-75,-65,-77,-67,-75,4
-85,-66,-81,-67,-73,4
-75,-69,-75,-71,-74,4
-81,-69,-81,-66,-72,4
-73,-66,-79,-70,-70,4
-75,-68,-81,-64,-76,4
-75,-68,-77,-64,-74,4
-78,-69,-78,-71,-75,4
-75,-68,-78,-69,-73,4
-76,-69,-76,-70,-75,4
-76,-67,-77,-70,-75,4
-76,-66,-76,-67,-75,4
-77,-71,-74,-70,-77,4
-76,-67,-80,-66,-74,4
-77,-69,-80,-66,-71,4
-78,-67,-81,-64,-74,4
-77,-67,-78,-65,-73,4
-76,-66,-80,-66,-77,4
-77,-69,-77,-70,-73,4
-74,-69,-77,-63,-73,4
-77,-67,-75,-71,-74,4
-74,-71,-80,-64,-72,4
-75,-68,-75,-67,-73,4
-75,-66,-78,-62,-73,4
-74,-66,-74,-63,-77,4
-73,-69,-77,-67,-76,4
-80,-70,-70,-64,-71,4
-72,-69,-68,-66,-73,4
-82,-67,-80,-70,-73,4
-74,-70,-71,-66,-77,4
-73,-66,-77,-63,-78,4
-82,-71,-84,-69,-72,4
-77,-67,-78,-67,-74,4
-80,-66,-74,-64,-71,4
-73,-71,-76,-62,-76,4
-78,-68,-76,-66,-82,4
-83,-68,-75,-67,-75,4
-87,-68,-76,-67,-75,4
-82,-69,-76,-66,-77,4
-80,-67,-73,-67,-82,4
-79,-68,-74,-61,-81,4
-79,-68,-77,-63,-81,4
-78,-62,-81,-68,-81,4
-83,-65,-76,-65,-80,4
-77,-70,-83,-68,-83,4
-82,-67,-78,-65,-83,4
-81,-70,-79,-70,-82,4
-79,-67,-78,-63,-83,4
-76,-68,-80,-63,-79,4
-81,-68,-81,-66,-80,4
-77,-67,-80,-63,-79,4
-77,-68,-80,-66,-80,4
-77,-67,-85,-67,-81,4
-78,-70,-77,-69,-81,4
-78,-66,-82,-66,-84,4
-78,-68,-78,-68,-80,4
-79,-70,-76,-69,-82,4
-78,-69,-75,-64,-81,4
-81,-68,-86,-67,-80,4
-77,-68,-76,-70,-79,4
-82,-70,-75,-66,-84,4
-78,-66,-75,-62,-83,4
-78,-69,-85,-70,-79,4
-82,-69,-75,-62,-82,4
-78,-66,-75,-70,-80,4
-81,-69,-74,-65,-83,4
-80,-68,-75,-63,-79,4
-81,-68,-83,-63,-84,4
-81,-67,-76,-66,-81,4
-81,-68,-75,-63,-84,4
-80,-67,-74,-68,-80,4
-83,-68,-75,-63,-81,4
-79,-66,-79,-62,-77,4
-83,-67,-76,-64,-83,4
-79,-67,-77,-62,-77,4
-76,-67,-78,-64,-78,4
-75,-67,-75,-68,-79,4
-81,-68,-81,-65,-81,4
-76,-67,-75,-71,-75,4
-73,-67,-75,-64,-80,4
-73,-66,-78,-62,-74,4
-78,-76,-68,-72,-78,5
-76,-80,-70,-72,-89,5
-78,-72,-68,-70,-81,5
-76,-80,-67,-72,-89,5
-78,-66,-70,-73,-81,5
-77,-66,-69,-72,-82,5
-78,-66,-68,-71,-85,5
-77,-76,-68,-72,-75,5
-78,-72,-69,-73,-82,5
-78,-71,-68,-72,-88,5
-76,-81,-69,-71,-83,5
-76,-68,-67,-74,-89,5
-76,-80,-67,-72,-88,5
-78,-66,-67,-70,-83,5
-77,-66,-67,-71,-89,5
-75,-80,-68,-71,-83,5
-75,-68,-68,-72,-75,5
-77,-69,-68,-72,-83,5
-77,-72,-67,-73,-75,5
-76,-73,-68,-72,-83,5
-76,-66,-68,-70,-75,5
-76,-66,-68,-71,-78,5
-76,-73,-68,-71,-82,5
-76,-66,-68,-71,-88,5
-76,-80,-67,-74,-75,5
-76,-75,-67,-72,-83,5
-77,-71,-68,-70,-89,5
-77,-73,-68,-70,-75,5
-76,-75,-68,-70,-83,5
-76,-73,-68,-73,-83,5
-76,-76,-68,-72,-75,5
-76,-72,-68,-71,-75,5
-76,-81,-68,-70,-84,5
-75,-75,-67,-72,-74,5
-77,-69,-68,-72,-74,5
-76,-80,-69,-73,-91,5
-76,-72,-67,-71,-74,5
-75,-67,-67,-72,-86,5
-76,-67,-67,-74,-74,5
-75,-67,-67,-74,-92,5
-76,-71,-67,-71,-85,5
-77,-72,-68,-71,-74,5
-76,-69,-70,-71,-74,5
-76,-76,-68,-74,-74,5
-75,-73,-67,-74,-75,5
-75,-75,-67,-72,-74,5
-79,-75,-68,-73,-84,5
-77,-73,-67,-73,-74,5
-75,-80,-69,-71,-85,5
-78,-67,-68,-74,-92,5
-77,-72,-68,-72,-84,5
-77,-67,-67,-72,-74,5
-79,-67,-67,-72,-91,5
-75,-73,-68,-72,-74,5
-75,-69,-68,-71,-85,5
-75,-69,-67,-75,-74,5
-75,-69,-68,-73,-74,5
-77,-67,-67,-72,-74,5
-76,-80,-68,-72,-74,5
-75,-73,-68,-73,-74,5
-75,-76,-68,-74,-84,5
-76,-69,-68,-71,-74,5
-76,-71,-68,-71,-74,5
-76,-67,-68,-71,-84,5
-76,-80,-67,-71,-82,5
-76,-72,-69,-75,-85,5
-77,-73,-68,-74,-74,5
-75,-72,-68,-71,-84,5
-75,-67,-68,-72,-91,5
-76,-67,-70,-71,-78,5
-76,-72,-67,-72,-74,5
-79,-80,-70,-71,-92,5
-76,-72,-67,-72,-74,5
-76,-80,-68,-72,-85,5
-76,-72,-69,-71,-74,5
-75,-80,-68,-75,-74,5
-76,-75,-68,-74,-74,5
-75,-67,-68,-72,-74,5
-75,-79,-67,-72,-85,5
-78,-71,-68,-74,-89,5
-77,-68,-68,-72,-75,5
-75,-71,-69,-74,-83,5
-76,-81,-67,-71,-75,5
-77,-76,-68,-72,-74,5
-77,-67,-69,-71,-81,5
-77,-80,-67,-71,-88,5
-77,-72,-69,-72,-81,5
-77,-76,-68,-72,-75,5
-79,-81,-67,-72,-82,5
-77,-72,-68,-70,-81,5
-79,-80,-69,-72,-89,5
-78,-81,-67,-72,-78,5
-77,-72,-69,-70,-75,5
-78,-76,-67,-72,-81,5
-79,-81,-67,-71,-89,5
-76,-66,-67,-73,-75,5
-77,-67,-68,-74,-83,5
-76,-80,-67,-71,-74,5
-77,-72,-68,-72,-93,5
-76,-69,-69,-74,-74,5
-76,-76,-68,-71,-74,5
-77,-72,-69,-71,-84,5
-78,-67,-67,-74,-74,5
-76,-66,-68,-71,-84,5
-76,-80,-67,-74,-74,5
-77,-67,-69,-74,-79,5
-76,-67,-68,-71,-79,5
-76,-67,-67,-70,-74,5
-79,-72,-69,-71,-82,5
-76,-72,-67,-70,-75,5
-77,-79,-69,-72,-82,5
-76,-69,-67,-71,-76,5
-77,-73,-68,-70,-76,5
-75,-81,-67,-72,-80,5
-75,-72,-67,-71,-76,5
-76,-79,-69,-70,-76,5
-75,-72,-68,-73,-89,5
-76,-80,-68,-71,-76,5
-75,-76,-68,-72,-90,5
-75,-72,-67,-71,-81,5
-75,-72,-68,-73,-76,5
-76,-73,-68,-73,-81,5
-76,-72,-69,-72,-82,5
-76,-79,-67,-70,-75,5
-76,-73,-67,-71,-76,5
-76,-69,-67,-71,-76,5
-76,-76,-68,-71,-76,5
-75,-66,-67,-71,-82,5
-75,-66,-67,-73,-76,5
-76,-66,-68,-73,-76,5
-75,-72,-67,-70,-81,5
-75,-69,-68,-71,-76,5
-75,-76,-68,-71,-81,5
-75,-73,-68,-72,-76,5
-76,-72,-67,-70,-89,5
-75,-80,-69,-72,-78,5
-76,-72,-68,-70,-76,5
-75,-80,-69,-73,-81,5
-75,-72,-67,-72,-82,5
-75,-80,-68,-70,-89,5
-77,-72,-67,-72,-76,5
-75,-80,-68,-70,-82,5
-76,-72,-68,-72,-76,5
-75,-75,-68,-70,-76,5
-74,-80,-68,-73,-81,5
-76,-76,-69,-72,-77,5
-74,-69,-68,-73,-76,5
-75,-72,-68,-71,-76,5
-74,-80,-69,-72,-82,5
-76,-72,-67,-71,-79,5
-74,-73,-68,-71,-82,5
-75,-66,-68,-70,-88,5
-75,-77,-67,-71,-82,5
-75,-72,-68,-71,-77,5
-75,-66,-69,-72,-89,5
-75,-75,-69,-70,-89,5
-75,-66,-67,-70,-77,5
-75,-75,-68,-73,-83,5
-75,-69,-67,-71,-86,5
-76,-66,-67,-70,-82,5
-75,-80,-67,-73,-88,5
-76,-66,-69,-70,-81,5
-74,-71,-68,-71,-76,5
-75,-75,-68,-71,-76,5
-75,-81,-67,-72,-82,5
-75,-69,-67,-70,-76,5
-74,-80,-67,-72,-82,5
-75,-72,-67,-70,-76,5
-74,-66,-67,-72,-83,5
-75,-72,-67,-70,-76,5
-75,-66,-69,-73,-82,5
-75,-66,-67,-70,-76,5
-75,-72,-67,-70,-82,5
-75,-66,-68,-70,-76,5
-76,-66,-69,-72,-89,5
-75,-81,-67,-70,-83,5
-75,-69,-68,-72,-76,5
-75,-69,-67,-71,-76,5
-75,-69,-68,-71,-76,5
-75,-80,-67,-72,-87,5
-76,-80,-67,-71,-81,5
-75,-66,-69,-72,-76,5
-74,-72,-67,-70,-89,5
-75,-80,-69,-73,-79,5
-74,-76,-68,-70,-76,5
-75,-72,-67,-72,-83,5
-74,-80,-67,-73,-87,5
-75,-67,-67,-73,-76,5
-75,-66,-68,-72,-76,5
-74,-75,-67,-74,-76,5
-75,-71,-67,-73,-88,5
-75,-68,-69,-72,-83,5
-75,-73,-67,-70,-76,5
-76,-72,-69,-74,-83,5
-76,-80,-67,-71,-76,5
-76,-66,-69,-73,-82,5
-75,-66,-67,-70,-82,5
-74,-80,-67,-70,-83,5
-76,-72,-67,-73,-88,5
-75,-73,-68,-71,-83,5
-75,-80,-67,-72,-76,5
-75,-72,-68,-73,-82,5
-75,-73,-67,-72,-76,5
-76,-72,-69,-70,-82,5
-75,-80,-67,-72,-76,5
-75,-69,-68,-73,-79,5
-74,-76,-67,-70,-83,5
-75,-66,-68,-74,-83,5
-73,-71,-67,-70,-76,5
-74,-72,-67,-71,-76,5
-75,-67,-67,-71,-83,5
-74,-73,-67,-74,-83,5
-75,-67,-68,-72,-83,5
-74,-80,-68,-70,-76,5
-74,-69,-67,-74,-76,5
-74,-67,-69,-74,-83,5
-75,-71,-67,-71,-76,5
-75,-66,-69,-71,-84,5
-76,-66,-67,-73,-85,5
-74,-67,-67,-70,-83,5
-75,-73,-67,-74,-88,5
-75,-66,-67,-71,-83,5
-75,-72,-67,-74,-76,5
-75,-80,-69,-73,-83,5
-74,-72,-67,-70,-76,5
-75,-76,-68,-73,-75,5
-75,-80,-69,-70,-83,5
-75,-76,-68,-71,-83,5
-75,-81,-67,-70,-88,5
-75,-66,-69,-72,-83,5
-75,-79,-67,-74,-88,5
-75,-66,-68,-72,-82,5
-75,-66,-68,-74,-83,5
-75,-75,-67,-70,-83,5
-74,-66,-68,-71,-88,5
-75,-76,-67,-71,-84,5
-75,-72,-67,-74,-76,5
-75,-76,-67,-71,-76,5
-75,-80,-69,-72,-75,5
-75,-68,-67,-71,-75,5
-75,-71,-67,-74,-88,5
-75,-66,-67,-70,-81,5
-74,-66,-67,-70,-84,5
-75,-72,-68,-71,-76,5
-75,-66,-67,-72,-87,5
-75,-66,-68,-72,-75,5
-75,-76,-67,-72,-75,5
-75,-72,-69,-70,-87,5
-75,-76,-67,-72,-75,5
-75,-80,-67,-74,-87,5
-75,-72,-67,-74,-84,5
-75,-80,-67,-70,-87,5
-75,-66,-68,-74,-87,5
-75,-66,-68,-74,-87,5
-75,-76,-67,-72,-88,5
-75,-76,-67,-71,-84,5
-75,-72,-68,-71,-76,5
-75,-66,-67,-70,-87,5
-75,-69,-67,-74,-86,5
-75,-66,-67,-73,-81,5
-75,-72,-69,-70,-83,5
-75,-67,-67,-72,-86,5
-75,-71,-69,-70,-83,5
-75,-75,-68,-71,-83,5
-76,-67,-67,-71,-76,5
-75,-72,-69,-72,-87,5
-76,-80,-67,-70,-84,5
-75,-76,-67,-71,-79,5
-75,-72,-67,-72,-87,5
-75,-76,-67,-74,-84,5
-75,-80,-69,-70,-75,5
-75,-66,-67,-73,-87,5
-75,-81,-69,-74,-81,5
-75,-71,-67,-72,-75,5
-75,-66,-67,-72,-87,5
-75,-80,-69,-70,-75,5
-75,-72,-67,-72,-75,5
-76,-72,-69,-70,-76,5
-75,-80,-67,-73,-87,5
-76,-66,-69,-70,-84,5
-75,-69,-67,-71,-82,5
-75,-66,-68,-70,-88,5
-75,-66,-68,-70,-75,5
-75,-66,-68,-73,-85,5
-75,-72,-68,-74,-84,5
-75,-66,-67,-74,-75,5
-75,-66,-67,-72,-79,5
-74,-80,-68,-71,-83,5
-74,-66,-66,-71,-92,5
-75,-69,-66,-71,-79,5
-74,-66,-66,-71,-74,5
-74,-70,-64,-72,-86,5
-76,-80,-66,-75,-72,5
-77,-71,-65,-71,-82,5
-78,-72,-66,-72,-78,5
-75,-71,-69,-70,-76,5
-74,-75,-68,-70,-74,5
-71,-75,-70,-69,-75,5
-72,-67,-69,-69,-82,5
-73,-71,-72,-69,-74,5
-72,-81,-69,-76,-80,5
-75,-66,-68,-70,-76,5
-73,-78,-71,-73,-79,5
-71,-71,-68,-68,-79,5
-77,-77,-67,-68,-84,5
-81,-67,-69,-70,-77,5
-77,-68,-68,-72,-80,5
-77,-66,-70,-73,-86,5
-77,-78,-70,-69,-80,5
-76,-69,-68,-71,-79,5
-83,-67,-67,-70,-82,5
-75,-71,-69,-69,-80,5
-83,-65,-67,-71,-71,5
-83,-75,-68,-69,-85,5
-86,-67,-67,-74,-83,5
-89,-72,-67,-75,-81,5
-81,-74,-66,-70,-80,5
-82,-73,-68,-74,-73,5
-84,-71,-67,-70,-81,5
-81,-70,-68,-74,-73,5
-76,-71,-68,-70,-82,5
-78,-68,-67,-71,-74,5
-82,-73,-67,-69,-74,5
-84,-72,-67,-72,-82,5
-82,-69,-69,-72,-74,5
-82,-67,-68,-76,-81,5
-79,-74,-67,-71,-74,5
-82,-71,-69,-77,-81,5
-84,-70,-73,-69,-73,6
-78,-69,-77,-74,-75,6
-85,-69,-73,-69,-77,6
-84,-72,-83,-68,-77,6
-84,-69,-73,-69,-73,6
-73,-70,-77,-73,-73,6
-80,-72,-78,-72,-73,6
-79,-73,-74,-73,-69,6
-78,-72,-78,-73,-76,6
-84,-69,-76,-69,-72,6
-85,-69,-78,-73,-73,6
-84,-91,-78,-73,-69,6
-73,-69,-73,-69,-73,6
-84,-70,-83,-73,-73,6
-73,-73,-74,-69,-75,6
-73,-72,-73,-69,-72,6
-84,-69,-74,-77,-69,6
-73,-71,-74,-73,-72,6
-73,-80,-74,-77,-72,6
-84,-70,-74,-72,-72,6
-78,-79,-85,-68,-73,6
-86,-72,-74,-69,-72,6
-85,-72,-84,-76,-76,6
-72,-70,-79,-71,-73,6
-72,-77,-74,-69,-76,6
-72,-75,-74,-69,-72,6
-72,-77,-73,-72,-72,6
-72,-68,-79,-69,-75,6
-84,-69,-84,-69,-75,6
-84,-72,-77,-72,-71,6
-72,-72,-75,-76,-74,6
-83,-72,-73,-69,-76,6
-78,-72,-79,-72,-73,6
-76,-87,-79,-73,-72,6
-72,-72,-74,-72,-69,6
-72,-72,-74,-69,-75,6
-84,-70,-74,-69,-72,6
-83,-78,-79,-73,-71,6
-84,-78,-75,-73,-71,6
-73,-72,-78,-69,-71,6
-85,-80,-81,-73,-75,6
-72,-72,-74,-69,-74,6
-85,-72,-74,-69,-74,6
-76,-69,-74,-71,-72,6
-85,-72,-80,-77,-74,6
-73,-70,-74,-69,-69,6
-73,-88,-79,-73,-72,6
-86,-69,-79,-73,-75,6
-81,-79,-80,-69,-75,6
-72,-78,-78,-73,-75,6
-73,-69,-75,-73,-69,6
-84,-72,-74,-77,-76,6
-79,-72,-74,-69,-72,6
-78,-69,-74,-73,-75,6
-73,-80,-75,-73,-75,6
-84,-70,-78,-71,-72,6
-73,-69,-73,-69,-71,6
-73,-73,-79,-71,-71,6
-73,-69,-86,-72,-72,6
-73,-71,-78,-72,-75,6
-73,-70,-79,-69,-69,6
-73,-88,-79,-73,-72,6
-87,-72,-75,-68,-69,6
-85,-88,-74,-73,-72,6
-73,-69,-77,-74,-75,6
-86,-76,-77,-71,-71,6
-85,-69,-79,-73,-75,6
-85,-72,-74,-69,-75,6
-79,-72,-86,-77,-76,6
-85,-69,-74,-66,-76,6
-85,-69,-74,-69,-75,6
-78,-72,-74,-73,-75,6
-83,-69,-86,-77,-76,6
-73,-89,-74,-69,-75,6
-73,-68,-80,-73,-72,6
-73,-79,-79,-73,-69,6
-73,-69,-75,-72,-72,6
-73,-69,-78,-71,-72,6
-84,-71,-75,-69,-71,6
-73,-79,-76,-72,-72,6
-73,-78,-74,-69,-75,6
-85,-69,-80,-69,-72,6
-85,-72,-85,-69,-69,6
-85,-72,-80,-73,-75,6
-85,-89,-74,-77,-69,6
-85,-72,-86,-69,-75,6
-73,-88,-74,-77,-76,6
-85,-69,-74,-69,-75,6
-73,-69,-74,-69,-72,6
-73,-69,-74,-72,-72,6
-73,-87,-74,-69,-76,6
-73,-72,-74,-69,-75,6
-73,-79,-86,-69,-72,6
-85,-72,-74,-77,-75,6
-85,-72,-74,-72,-69,6
-84,-78,-74,-72,-72,6
-84,-69,-79,-69,-72,6
-73,-88,-74,-73,-72,6
-73,-70,-80,-72,-72,6
-73,-78,-74,-69,-72,6
-73,-78,-79,-72,-72,6
-84,-69,-79,-76,-72,6
-84,-80,-73,-72,-76,6
-73,-76,-79,-71,-72,6
-84,-78,-78,-69,-71,6
-84,-79,-79,-69,-71,6
-73,-71,-74,-76,-74,6
-84,-88,-84,-69,-69,6
-73,-72,-85,-76,-74,6
-84,-88,-74,-69,-69,6
-84,-70,-84,-76,-75,6
-73,-72,-74,-72,-71,6
-79,-72,-74,-71,-72,6
-85,-69,-74,-69,-76,6
-85,-87,-74,-69,-69,6
-73,-69,-74,-77,-76,6
-73,-78,-75,-72,-75,6
-85,-78,-81,-72,-73,6
-73,-77,-78,-73,-72,6
-73,-69,-80,-69,-72,6
-73,-69,-75,-72,-71,6
-85,-69,-74,-69,-75,6
-84,-72,-73,-70,-76,6
-84,-73,-77,-72,-72,6
-84,-71,-79,-73,-69,6
-84,-71,-74,-70,-72,6
-73,-72,-73,-70,-75,6
-73,-72,-78,-70,-74,6
-84,-69,-79,-72,-75,6
-84,-78,-74,-73,-71,6
-84,-80,-74,-76,-71,6
-73,-72,-74,-70,-72,6
-84,-72,-79,-70,-73,6
-84,-69,-79,-72,-72,6
-85,-72,-80,-72,-72,6
-73,-70,-74,-73,-73,6
-78,-72,-74,-69,-73,6
-73,-69,-80,-76,-72,6
-73,-87,-74,-70,-76,6
-73,-78,-80,-70,-72,6
-73,-78,-79,-70,-75,6
-73,-69,-73,-70,-72,6
-73,-72,-78,-70,-74,6
-84,-72,-77,-75,-73,6
-73,-79,-78,-70,-71,6
-82,-77,-74,-70,-72,6
-82,-69,-75,-70,-72,6
-82,-77,-85,-73,-77,6
-79,-71,-76,-69,-68,6
-81,-74,-76,-78,-71,6
-80,-69,-75,-72,-78,6
-80,-75,-86,-72,-75,6
-73,-74,-80,-72,-74,6
-80,-70,-83,-72,-69,6
-73,-75,-83,-83,-72,6
-74,-77,-83,-73,-72,6
-81,-83,-77,-75,-70,6
-80,-73,-85,-77,-77,6
-81,-75,-78,-74,-73,6
-72,-70,-81,-74,-70,6
-72,-69,-77,-77,-76,6
-81,-68,-82,-70,-75,6
-80,-76,-76,-77,-74,6
-77,-73,-74,-73,-75,6
-79,-76,-86,-73,-73,6
-80,-79,-77,-76,-71,6
-78,-72,-77,-84,-69,6
-78,-72,-71,-74,-72,6
-74,-70,-72,-69,-79,6
-81,-73,-73,-75,-70,6
-85,-72,-79,-75,-76,6
-85,-70,-84,-71,-82,6
-79,-78,-75,-73,-77,6
-79,-76,-73,-71,-79,6
-79,-76,-72,-75,-83,6
-80,-71,-80,-75,-69,6
-75,-80,-74,-70,-80,6
-73,-73,-72,-70,-80,6
-77,-69,-72,-72,-69,6
-76,-77,-74,-75,-80,6
-72,-70,-75,-72,-82,6
-75,-74,-71,-72,-69,6
-85,-75,-72,-70,-79,6
-80,-88,-89,-72,-85,6
-79,-74,-81,-72,-69,6
-87,-89,-73,-71,-85,6
-79,-70,-81,-70,-69,6
-82,-70,-80,-72,-69,6
-73,-70,-73,-71,-84,6
-80,-78,-87,-72,-83,6
-73,-70,-88,-72,-86,6
-86,-89,-74,-74,-87,6
-80,-70,-73,-71,-69,6
-86,-79,-80,-71,-70,6
-73,-90,-74,-70,-87,6
-83,-70,-73,-71,-69,6
-79,-79,-89,-72,-86,6
-80,-79,-78,-72,-70,6
-88,-74,-73,-71,-87,6
-81,-80,-73,-72,-70,6
-76,-72,-73,-72,-77,6
-84,-73,-90,-74,-77,6
-73,-70,-81,-72,-78,6
-83,-70,-82,-72,-70,6
-84,-79,-73,-71,-70,6
-72,-76,-73,-72,-86,6
-72,-70,-74,-71,-70,6
-80,-70,-74,-71,-70,6
-84,-80,-74,-71,-85,6
-73,-78,-74,-73,-87,6
-73,-87,-74,-74,-70,6
-84,-71,-74,-73,-87,6
-81,-70,-74,-71,-70,6
-78,-77,-74,-72,-70,6
-81,-70,-74,-73,-70,6
-81,-70,-92,-72,-88,6
-77,-74,-74,-72,-87,6
-73,-74,-74,-73,-87,6
-84,-81,-73,-72,-70,6
-81,-70,-73,-74,-88,6
-84,-78,-73,-72,-86,6
-77,-80,-74,-72,-70,6
-73,-74,-74,-72,-87,6
-81,-69,-74,-72,-70,6
-81,-74,-75,-71,-85,6
-73,-72,-75,-72,-78,6
-80,-72,-73,-72,-70,6
-72,-70,-74,-71,-88,6
-78,-88,-71,-73,-69,6
-73,-70,-78,-72,-78,6
-77,-76,-72,-73,-81,6
-83,-75,-82,-77,-69,6
-78,-71,-75,-72,-73,6
-76,-72,-78,-74,-80,6
-83,-84,-74,-78,-77,6
-73,-73,-73,-72,-78,6
-75,-80,-83,-71,-76,6
-74,-71,-72,-75,-77,6
-80,-71,-71,-71,-77,6
-79,-77,-72,-83,-75,7
-74,-87,-72,-75,-84,7
-87,-76,-71,-80,-75,7
-77,-77,-71,-79,-82,7
-79,-87,-72,-78,-81,7
-75,-76,-81,-79,-81,7
-74,-76,-75,-84,-75,7
-77,-77,-80,-83,-82,7
-84,-75,-71,-81,-81,7
-74,-77,-71,-76,-80,7
-76,-77,-71,-77,-74,7
-78,-77,-72,-80,-81,7
-75,-76,-80,-78,-79,7
-74,-77,-71,-80,-83,7
-74,-77,-74,-76,-80,7
-86,-75,-72,-75,-79,7
-73,-85,-71,-78,-83,7
-76,-75,-80,-76,-79,7
-73,-82,-71,-80,-80,7
-75,-80,-78,-78,-78,7
-80,-77,-74,-76,-78,7
-75,-77,-75,-76,-77,7
-74,-76,-72,-78,-83,7
-75,-77,-71,-77,-77,7
-75,-74,-71,-83,-81,7
-78,-80,-79,-78,-74,7
-75,-75,-71,-78,-75,7
-75,-76,-73,-81,-81,7
-74,-86,-76,-74,-81,7
-75,-79,-71,-81,-82,7
-74,-76,-71,-80,-79,7
-82,-77,-74,-75,-77,7
-76,-75,-71,-78,-78,7
-74,-76,-77,-81,-81,7
-74,-76,-71,-79,-78,7
-74,-75,-77,-81,-77,7
-87,-77,-77,-79,-80,7
-74,-75,-77,-82,-80,7
-76,-76,-77,-81,-80,7
-74,-76,-83,-78,-81,7
-74,-76,-82,-78,-74,7
-76,-87,-71,-74,-81,7
-74,-77,-83,-81,-81,7
-78,-77,-77,-76,-78,7
-77,-86,-71,-75,-81,7
-74,-75,-82,-79,-81,7
-74,-86,-71,-75,-77,7
-77,-75,-81,-79,-75,7
-74,-76,-82,-76,-81,7
-82,-75,-76,-77,-75,7
-80,-77,-71,-77,-78,7
-74,-86,-71,-75,-81,7
-81,-81,-76,-76,-75,7
-77,-77,-83,-79,-81,7
-77,-76,-74,-76,-75,7
-77,-87,-76,-76,-77,7
-77,-77,-82,-80,-74,7
-89,-87,-71,-74,-81,7
-77,-75,-71,-79,-81,7
-74,-86,-82,-74,-74,7
-75,-76,-71,-76,-78,7
-74,-76,-76,-76,-81,7
-74,-80,-70,-79,-81,7
-75,-86,-71,-80,-77,7
-77,-81,-76,-77,-81,7
-74,-83,-71,-74,-81,7
-74,-81,-71,-77,-76,7
-74,-76,-76,-78,-75,7
-77,-77,-71,-81,-81,7
-74,-78,-71,-79,-81,7
-89,-76,-82,-79,-75,7
-76,-77,-71,-74,-81,7
-77,-87,-70,-74,-75,7
-77,-76,-71,-79,-78,7
-74,-76,-71,-77,-81,7
-74,-76,-71,-76,-75,7
-75,-81,-71,-77,-81,7
-74,-77,-71,-77,-77,7
-82,-78,-71,-80,-81,7
-74,-81,-71,-76,-75,7
-77,-76,-76,-74,-75,7
-81,-75,-82,-78,-81,7
-74,-77,-82,-81,-81,7
-81,-77,-76,-78,-81,7
-74,-76,-71,-81,-78,7
-74,-77,-74,-75,-75,7
-77,-77,-82,-81,-81,7
-75,-76,-71,-75,-78,7
-77,-76,-76,-79,-81,7
-74,-86,-82,-77,-78,7
-74,-75,-71,-79,-75,7
-80,-86,-75,-77,-78,7
-74,-77,-71,-79,-81,7
-77,-86,-71,-75,-75,7
-77,-81,-76,-79,-81,7
-74,-76,-82,-77,-81,7
-77,-77,-71,-78,-81,7
-88,-76,-71,-81,-81,7
-74,-77,-82,-79,-75,7
-74,-76,-76,-81,-78,7
-74,-76,-71,-79,-78,7
-89,-76,-71,-77,-81,7
-74,-77,-76,-80,-78,7
-77,-76,-82,-74,-81,7
-75,-76,-71,-77,-78,7
-74,-81,-76,-78,-79,7
-74,-77,-71,-80,-77,7
-77,-76,-74,-81,-81,7
-74,-77,-71,-77,-78,7
-74,-82,-83,-77,-78,7
-74,-77,-76,-78,-81,7
-77,-85,-82,-81,-75,7
-77,-76,-71,-81,-78,7
-83,-76,-76,-81,-81,7
-77,-76,-71,-78,-78,7
-77,-78,-76,-75,-79,7
-77,-76,-71,-77,-78,7
-76,-77,-71,-78,-78,7
-74,-87,-71,-81,-81,7
-77,-77,-74,-79,-75,7
-74,-86,-71,-81,-80,7
-77,-77,-74,-78,-75,7
-74,-77,-71,-77,-81,7
-75,-81,-76,-77,-77,7
-87,-81,-71,-79,-75,7
-74,-76,-71,-75,-77,7
-81,-76,-71,-77,-77,7
-75,-76,-76,-78,-78,7
-77,-78,-82,-79,-81,7
-77,-76,-76,-78,-75,7
-77,-77,-76,-77,-77,7
-77,-81,-71,-78,-78,7
-77,-81,-73,-77,-81,7
-77,-82,-71,-78,-78,7
-75,-81,-71,-78,-78,7
-77,-81,-71,-78,-78,7
-77,-77,-76,-78,-81,7
-74,-87,-71,-75,-75,7
-77,-80,-71,-75,-81,7
-74,-76,-71,-81,-81,7
-76,-78,-76,-74,-75,7
-77,-76,-82,-80,-81,7
-77,-78,-82,-80,-81,7
-75,-76,-76,-77,-75,7
-74,-76,-71,-77,-78,7
-76,-76,-71,-80,-80,7
-76,-77,-74,-77,-78,7
-77,-86,-71,-81,-75,7
-74,-76,-82,-79,-81,7
-77,-86,-77,-75,-81,7
-75,-76,-76,-79,-81,7
-75,-77,-82,-75,-81,7
-74,-86,-82,-77,-81,7
-75,-77,-82,-77,-78,7
-77,-87,-71,-78,-75,7
-75,-80,-73,-77,-75,7
-81,-78,-71,-79,-78,7
-77,-76,-71,-75,-81,7
-75,-77,-71,-79,-75,7
-77,-87,-71,-81,-81,7
-74,-79,-71,-75,-78,7
-81,-78,-71,-80,-80,7
-77,-76,-71,-75,-75,7
-77,-76,-71,-77,-81,7
-89,-77,-82,-81,-78,7
-75,-76,-71,-75,-81,7
-74,-86,-76,-81,-81,7
-74,-80,-71,-79,-82,7
-76,-87,-71,-75,-81,7
-77,-76,-83,-78,-81,7
-75,-82,-76,-76,-75,7
-79,-76,-71,-80,-81,7
-75,-76,-71,-79,-75,7
-76,-76,-72,-79,-81,7
-75,-75,-76,-81,-78,7
-75,-76,-83,-77,-76,7
-77,-76,-83,-77,-78,7
-74,-75,-71,-79,-81,7
-75,-87,-71,-79,-80,7
-87,-76,-72,-81,-81,7
-75,-75,-83,-75,-75,7
-74,-76,-83,-80,-78,7
-77,-77,-71,-80,-78,7
-75,-76,-76,-77,-78,7
-77,-78,-71,-80,-75,7
-75,-82,-75,-79,-75,7
-77,-81,-71,-78,-79,7
-77,-81,-71,-80,-81,7
-75,-76,-78,-77,-77,7
-75,-75,-71,-80,-82,7
-74,-76,-71,-80,-77,7
-75,-78,-71,-78,-78,7
-77,-76,-71,-79,-81,7
-88,-87,-82,-75,-75,7
-77,-78,-71,-79,-80,7
-77,-76,-76,-77,-78,7
-77,-78,-78,-74,-78,7
-75,-83,-71,-81,-80,7
-77,-78,-76,-76,-79,7
-78,-77,-83,-75,-82,7
-74,-78,-80,-81,-76,7
-73,-77,-71,-80,-81,7
-78,-76,-71,-81,-74,7
-88,-75,-72,-75,-74,7
-73,-87,-70,-79,-74,7
-75,-77,-71,-82,-80,7
-75,-75,-70,-87,-76,7
-75,-75,-76,-75,-76,7
-80,-77,-77,-75,-76,7
-75,-86,-70,-78,-71,7
-76,-80,-74,-78,-77,7
-77,-78,-80,-75,-77,7
-76,-78,-86,-84,-80,7
-74,-78,-76,-83,-79,7
-75,-81,-70,-78,-83,7
-75,-79,-71,-84,-79,7
-81,-84,-71,-74,-81,7
-73,-78,-74,-82,-77,7
-78,-79,-70,-77,-83,7
-75,-82,-71,-77,-76,7
-72,-78,-71,-79,-75,7
-77,-78,-73,-76,-81,7
-80,-78,-72,-78,-79,7
-75,-79,-73,-80,-76,7
-86,-83,-70,-78,-74,7
-91,-79,-72,-81,-78,7
-78,-76,-72,-78,-75,7
-73,-80,-75,-80,-76,7
-86,-76,-75,-75,-81,7
-79,-87,-76,-81,-76,7
-76,-76,-85,-75,-79,7
-83,-77,-71,-76,-80,7
-75,-78,-73,-84,-78,7
-77,-79,-79,-77,-83,7
-82,-78,-85,-76,-79,7
-81,-76,-71,-76,-75,7
-82,-76,-77,-75,-73,7
-74,-77,-71,-76,-82,7
-84,-77,-71,-79,-72,7
-76,-85,-72,-76,-81,7
-77,-78,-81,-83,-72,7
-75,-78,-82,-86,-76,7
-74,-80,-84,-84,-76,7
-76,-75,-77,-74,-81,7
-75,-81,-72,-79,-75,7
-77,-78,-72,-84,-82,7
-79,-80,-71,-79,-74,7
-77,-77,-72,-79,-80,7
-77,-77,-71,-79,-80,7
-76,-79,-71,-78,-78,7
-74,-77,-69,-76,-74,7
-74,-77,-71,-79,-78,7
-74,-76,-75,-84,-78,7
-74,-77,-75,-80,-81,7
-73,-76,-71,-74,-79,7
-79,-77,-85,-77,-79,7
-73,-79,-84,-80,-74,7
-73,-83,-72,-88,-74,7
-87,-77,-72,-74,-82,7
-73,-83,-72,-79,-74,7
-73,-80,-83,-73,-81,7
-86,-78,-71,-75,-78,7
-73,-83,-83,-78,-74,7
-73,-76,-72,-75,-80,7
-73,-80,-72,-74,-79,7
-88,-75,-71,-82,-80,7
-73,-83,-72,-74,-74,7
-74,-75,-72,-79,-81,7
-76,-80,-71,-75,-78,7
-88,-83,-82,-73,-79,7
-76,-75,-72,-80,-78,7
-77,-75,-77,-76,-79,7
-85,-77,-72,-79,-83,7
-73,-75,-72,-87,-78,7
-73,-80,-72,-87,-83,7
-85,-83,-72,-78,-74,7
-74,-77,-72,-87,-83,7
-73,-83,-72,-78,-83,7
-77,-75,-72,-74,-74,7
-73,-76,-83,-87,-83,7
-76,-76,-77,-82,-78,7
-74,-77,-71,-79,-77,7
-74,-75,-72,-76,-80,7
-77,-83,-81,-82,-75,7
-75,-76,-72,-79,-83,7
-77,-80,-74,-80,-83,7
-75,-77,-71,-75,-80,7
-75,-77,-81,-81,-81,7
-75,-78,-77,-81,-75,7
-78,-76,-71,-81,-85,7
-73,-78,-71,-84,-75,7
-75,-79,-80,-83,-81,7
-72,-69,-69,-72,-64,8
-72,-70,-69,-75,-75,8
-71,-68,-71,-71,-64,8
-74,-70,-68,-77,-75,8
-72,-66,-70,-70,-72,8
-79,-68,-71,-73,-68,8
-72,-68,-68,-74,-76,8
-83,-69,-71,-70,-65,8
-75,-65,-74,-70,-72,8
-74,-66,-74,-71,-73,8
-75,-68,-68,-70,-71,8
-78,-66,-74,-71,-77,8
-76,-66,-71,-72,-71,8
-78,-70,-68,-72,-77,8
-76,-66,-74,-70,-71,8
-78,-68,-71,-72,-78,8
-70,-66,-68,-72,-65,8
-74,-66,-71,-71,-71,8
-79,-68,-74,-69,-78,8
-77,-70,-68,-71,-65,8
-80,-68,-74,-70,-78,8
-71,-70,-71,-71,-65,8
-76,-68,-68,-69,-78,8
-71,-70,-71,-72,-65,8
-81,-68,-69,-70,-77,8
-71,-70,-74,-71,-65,8
-76,-68,-68,-70,-77,8
-72,-66,-68,-70,-71,8
-81,-68,-71,-71,-65,8
-71,-70,-68,-71,-77,8
-81,-68,-68,-72,-71,8
-82,-70,-74,-72,-65,8
-71,-68,-68,-71,-71,8
-74,-69,-71,-71,-68,8
-83,-68,-74,-70,-65,8
-72,-70,-72,-71,-70,8
-75,-68,-73,-70,-71,8
-83,-65,-68,-72,-65,8
-76,-68,-74,-70,-75,8
-71,-66,-70,-72,-65,8
-76,-66,-74,-71,-71,8
-76,-66,-70,-71,-78,8
-76,-70,-68,-71,-74,8
-76,-68,-71,-70,-78,8
-71,-68,-74,-72,-72,8
-76,-70,-68,-70,-65,8
-71,-66,-74,-72,-71,8
-72,-70,-68,-71,-68,8
-73,-68,-72,-71,-65,8
-83,-68,-68,-71,-77,8
-72,-69,-74,-71,-71,8
-75,-70,-74,-70,-65,8
-72,-67,-72,-70,-71,8
-75,-68,-72,-69,-70,8
-77,-65,-74,-72,-65,8
-75,-68,-72,-71,-71,8
-79,-67,-73,-69,-64,8
-72,-70,-74,-70,-78,8
-74,-68,-68,-71,-71,8
-72,-65,-74,-70,-78,8
-79,-66,-71,-72,-70,8
-77,-66,-69,-70,-74,8
-75,-68,-74,-72,-78,8
-73,-65,-74,-71,-68,8
-72,-65,-67,-70,-65,8
-75,-68,-74,-70,-78,8
-72,-70,-69,-72,-65,8
-84,-65,-72,-71,-65,8
-75,-68,-72,-72,-71,8
-84,-66,-72,-70,-65,8
-78,-70,-72,-71,-68,8
-74,-68,-70,-70,-71,8
-73,-67,-70,-70,-64,8
-76,-67,-74,-71,-68,8
-74,-66,-67,-72,-71,8
-84,-67,-74,-71,-64,8
-79,-65,-70,-70,-77,8
-72,-67,-70,-72,-71,8
-73,-70,-72,-71,-74,8
-75,-69,-74,-71,-71,8
-77,-69,-73,-71,-74,8
-76,-67,-68,-70,-65,8
-72,-70,-73,-71,-68,8
-75,-66,-68,-70,-71,8
-72,-67,-72,-71,-64,8
-74,-68,-70,-72,-79,8
-79,-65,-69,-71,-68,8
-79,-66,-69,-71,-71,8
-84,-66,-67,-70,-65,8
-84,-70,-72,-72,-70,8
-72,-68,-68,-70,-71,8
-75,-68,-73,-70,-71,8
-74,-66,-72,-72,-77,8
-85,-68,-72,-71,-74,8
-75,-70,-74,-71,-71,8
-85,-67,-72,-72,-77,8
-84,-69,-71,-71,-68,8
-75,-68,-71,-70,-71,8
-72,-70,-74,-72,-71,8
-79,-67,-70,-70,-78,8
-72,-67,-72,-70,-71,8
-73,-67,-74,-72,-72,8
-73,-68,-67,-70,-78,8
-74,-67,-74,-71,-64,8
-72,-67,-69,-70,-77,8
-87,-68,-74,-71,-65,8
-73,-70,-72,-72,-74,8
-75,-66,-73,-71,-71,8
-91,-68,-71,-70,-71,8
-74,-68,-70,-71,-76,8
-74,-68,-70,-70,-73,8
-74,-69,-71,-71,-71,8
-75,-66,-72,-72,-76,8
-73,-66,-72,-71,-68,8
-73,-69,-68,-70,-72,8
-86,-68,-72,-72,-77,8
-75,-70,-75,-72,-72,8
-80,-66,-68,-72,-71,8
-73,-69,-72,-71,-70,8
-72,-70,-72,-72,-78,8
-75,-68,-75,-71,-71,8
-77,-69,-71,-72,-71,8
-72,-70,-68,-72,-65,8
-75,-69,-75,-71,-71,8
-75,-67,-75,-71,-65,8
-83,-71,-68,-72,-78,8
-75,-66,-72,-71,-65,8
-72,-66,-71,-73,-74,8
-73,-65,-68,-71,-71,8
-73,-67,-68,-72,-65,8
-75,-70,-68,-72,-78,8
-72,-66,-75,-72,-65,8
-82,-68,-68,-71,-78,8
-75,-70,-72,-72,-65,8
-82,-68,-68,-72,-78,8
-75,-70,-72,-71,-64,8
-81,-66,-68,-72,-78,8
-75,-70,-72,-71,-65,8
-72,-65,-68,-72,-78,8
-73,-68,-68,-71,-71,8
-75,-70,-75,-72,-65,8
-72,-68,-71,-71,-71,8
-71,-66,-67,-71,-78,8
-78,-69,-71,-71,-71,8
-75,-65,-72,-72,-65,8
-78,-68,-69,-71,-71,8
-75,-71,-71,-72,-78,8
-73,-66,-72,-71,-71,8
-72,-68,-75,-73,-71,8
-75,-68,-72,-71,-71,8
-72,-66,-75,-72,-65,8
-75,-68,-72,-71,-71,8
-73,-65,-75,-72,-68,8
-76,-68,-72,-71,-79,8
-76,-68,-71,-71,-65,8
-78,-65,-66,-71,-71,8
-76,-70,-70,-72,-75,8
-73,-65,-75,-71,-71,8
-76,-68,-71,-71,-65,8
-82,-65,-75,-71,-75,8
-71,-68,-75,-72,-65,8
-83,-70,-67,-71,-78,8
-71,-68,-75,-72,-65,8
-81,-67,-69,-71,-68,8
-72,-68,-72,-71,-78,8
-71,-69,-71,-71,-71,8
-75,-70,-71,-72,-65,8
-82,-68,-75,-71,-71,8
-74,-66,-69,-72,-65,8
-74,-67,-72,-71,-75,8
-72,-71,-72,-72,-72,8
-75,-66,-75,-71,-65,8
-83,-68,-72,-72,-72,8
-73,-68,-72,-71,-65,8
-73,-70,-68,-71,-71,8
-79,-68,-68,-72,-77,8
-72,-66,-75,-71,-66,8
-72,-68,-69,-72,-68,8
-83,-68,-75,-70,-77,8
-75,-70,-71,-72,-65,8
-75,-67,-71,-71,-71,8
-72,-65,-70,-73,-70,8
-72,-70,-69,-72,-65,8
-70,-68,-72,-72,-72,8
-79,-66,-70,-75,-71,8
-75,-69,-68,-71,-77,8
-84,-68,-72,-72,-66,8
-74,-69,-71,-71,-70,8
-72,-67,-69,-71,-68,8
-76,-69,-70,-74,-66,8
-72,-66,-70,-72,-72,8
-69,-67,-68,-72,-81,8
-76,-64,-75,-70,-70,8
-84,-67,-72,-72,-69,8
-82,-70,-74,-68,-77,8
-69,-69,-70,-70,-69,8
-71,-69,-70,-71,-87,8
-73,-70,-76,-71,-72,8
-71,-67,-71,-71,-71,8
-74,-67,-72,-69,-72,8
-73,-68,-72,-70,-72,8
-72,-69,-71,-72,-72,8
-75,-69,-71,-72,-72,8
-81,-67,-71,-70,-72,8
-80,-70,-70,-73,-72,8
-71,-68,-71,-71,-73,8
-74,-68,-71,-71,-73,8
-74,-69,-73,-71,-72,8
-80,-68,-68,-74,-89,8
-74,-71,-75,-71,-73,8
-71,-69,-71,-73,-72,8
-75,-68,-69,-72,-72,8
-74,-66,-69,-70,-72,8
-71,-68,-71,-70,-72,8
-74,-67,-70,-72,-72,8
-77,-68,-71,-71,-72,8
-72,-67,-72,-71,-73,8
-73,-68,-71,-72,-72,8
-74,-70,-74,-72,-72,8
-68,-66,-69,-70,-73,8
-72,-69,-71,-72,-72,8
-71,-69,-71,-73,-72,8
-74,-69,-72,-70,-72,8
-74,-68,-69,-72,-72,8
-71,-69,-69,-72,-72,8
-71,-68,-71,-72,-72,8
-82,-69,-71,-70,-72,8
-81,-69,-71,-70,-72,8
-78,-68,-71,-70,-72,8
-82,-69,-71,-69,-72,8
-75,-67,-71,-70,-72,8
-75,-66,-70,-71,-72,8
-78,-68,-69,-72,-72,8
-73,-69,-71,-71,-72,8
-77,-67,-73,-71,-72,8
-68,-65,-71,-74,-72,8
-76,-67,-71,-71,-72,8
-71,-68,-70,-72,-72,8
-75,-66,-69,-72,-72,8
-75,-68,-72,-72,-71,8
-68,-67,-71,-72,-72,8
-73,-66,-71,-71,-72,8
-75,-68,-71,-72,-72,8
-71,-68,-72,-72,-72,8
-71,-67,-71,-70,-72,8
-81,-66,-71,-72,-72,8
-78,-66,-72,-71,-72,8
-71,-68,-74,-71,-72,8
-82,-68,-72,-71,-72,8
-75,-71,-69,-70,-72,8
-71,-68,-69,-71,-72,8
-74,-69,-72,-71,-72,8
-71,-68,-71,-70,-72,8
-82,-66,-70,-71,-72,8
-84,-68,-71,-72,-72,8
-74,-68,-71,-72,-72,8
-74,-68,-70,-71,-80,8
-74,-68,-71,-71,-71,8
-80,-70,-72,-71,-71,8
-73,-69,-72,-72,-70,8
-71,-70,-73,-71,-72,8
-75,-67,-71,-71,-70,8
-78,-67,-72,-73,-81,8
-69,-67,-70,-72,-72,8
-77,-68,-71,-70,-77,8
-69,-70,-71,-71,-86,8
-82,-69,-68,-69,-70,8
-68,-65,-70,-72,-82,8
-78,-67,-74,-73,-79,8
-77,-67,-70,-75,-84,8
-76,-69,-72,-73,-70,8
-79,-67,-71,-71,-70,8
-72,-70,-75,-73,-85,8
-76,-68,-72,-71,-70,8
-87,-77,-78,-77,-81,9
-76,-76,-77,-75,-82,9
-78,-77,-74,-71,-82,9
-90,-77,-81,-77,-81,9
-78,-77,-74,-77,-87,9
-78,-80,-78,-72,-80,9
-78,-77,-82,-78,-81,9
-77,-80,-75,-76,-81,9
-79,-77,-77,-73,-80,9
-78,-77,-75,-77,-83,9
-78,-77,-75,-74,-81,9
-79,-80,-76,-75,-84,9
-85,-85,-82,-70,-84,9
-79,-77,-76,-78,-84,9
-86,-75,-74,-71,-85,9
-77,-79,-77,-75,-84,9
-84,-76,-81,-70,-80,9
-78,-79,-84,-74,-81,9
-77,-81,-77,-77,-82,9
-85,-77,-86,-76,-84,9
-83,-82,-80,-74,-83,9
-87,-78,-80,-73,-85,9
-84,-77,-80,-72,-80,9
-80,-76,-81,-71,-82,9
-80,-78,-80,-78,-78,9
-80,-75,-81,-80,-84,9
-81,-83,-80,-76,-84,9
-77,-77,-72,-70,-85,9
-87,-74,-74,-73,-83,9
-87,-76,-73,-78,-79,9
-74,-80,-77,-75,-81,9
-79,-79,-72,-74,-82,9
-85,-80,-78,-72,-80,9
-75,-81,-76,-79,-82,9
-84,-77,-74,-77,-80,9
-77,-80,-78,-80,-80,9
-82,-78,-79,-76,-83,9
-84,-78,-82,-75,-80,9
-78,-76,-74,-77,-81,9
-82,-81,-79,-76,-81,9
-82,-82,-77,-75,-80,9
-80,-83,-80,-70,-79,9
-82,-80,-81,-74,-78,9
-82,-82,-77,-75,-78,9
-88,-81,-75,-73,-78,9
-76,-82,-75,-77,-78,9
-76,-82,-79,-70,-83,9
-88,-81,-75,-77,-83,9
-81,-81,-78,-74,-79,9
-76,-82,-75,-77,-81,9
-86,-82,-75,-74,-83,9
-76,-81,-75,-78,-79,9
-75,-80,-81,-78,-83,9
-76,-82,-77,-74,-79,9
-86,-82,-75,-78,-83,9
-87,-81,-78,-78,-82,9
-75,-80,-76,-77,-79,9
-76,-82,-80,-73,-78,9
-79,-81,-76,-73,-83,9
-76,-82,-75,-73,-83,9
-81,-80,-80,-74,-83,9
-82,-81,-77,-74,-81,9
-75,-81,-77,-73,-79,9
-88,-82,-75,-78,-78,9
-81,-81,-80,-78,-80,9
-81,-80,-80,-70,-82,9
-75,-81,-79,-75,-81,9
-76,-80,-78,-72,-83,9
-76,-81,-80,-74,-79,9
-87,-81,-81,-78,-79,9
-76,-81,-75,-77,-78,9
-76,-83,-75,-77,-79,9
-75,-81,-75,-77,-79,9
-76,-83,-81,-78,-79,9
-86,-81,-77,-77,-80,9
-86,-81,-77,-73,-82,9
-75,-81,-76,-75,-79,9
-75,-82,-77,-74,-79,9
-75,-81,-75,-70,-79,9
-76,-81,-75,-74,-81,9
-88,-80,-77,-78,-79,9
-89,-83,-75,-78,-81,9
-75,-81,-80,-70,-82,9
-75,-82,-76,-75,-82,9
-76,-80,-76,-73,-82,9
-75,-81,-75,-73,-79,9
-86,-80,-81,-78,-79,9
-76,-80,-80,-77,-82,9
-86,-81,-76,-78,-79,9
-75,-81,-78,-74,-82,9
-75,-80,-76,-75,-82,9
-80,-80,-75,-75,-79,9
-75,-82,-75,-74,-82,9
-87,-81,-75,-73,-79,9
-75,-81,-77,-75,-82,9
-76,-81,-78,-75,-79,9
-81,-81,-77,-70,-79,9
-78,-80,-77,-75,-79,9
-76,-81,-75,-77,-79,9
-75,-81,-75,-77,-79,9
-76,-82,-78,-78,-83,9
-76,-81,-75,-74,-79,9
-76,-83,-75,-74,-79,9
-76,-82,-75,-74,-80,9
-75,-81,-77,-74,-81,9
-76,-80,-80,-78,-81,9
-76,-81,-78,-74,-81,9
-87,-81,-81,-77,-79,9
-75,-81,-78,-74,-83,9
-87,-82,-75,-77,-82,9
-75,-82,-75,-78,-82,9
-76,-81,-77,-78,-79,9
-76,-81,-76,-70,-79,9
-76,-83,-75,-73,-82,9
-76,-81,-75,-78,-83,9
-76,-80,-76,-73,-79,9
-81,-80,-77,-77,-82,9
-76,-80,-80,-77,-79,9
-76,-81,-80,-73,-79,9
-76,-80,-80,-70,-79,9
-76,-81,-77,-77,-79,9
-76,-80,-77,-75,-79,9
-76,-82,-77,-72,-79,9
-87,-80,-78,-78,-79,9
-87,-82,-77,-78,-82,9
-76,-81,-77,-74,-79,9
-76,-81,-80,-78,-83,9
-76,-83,-75,-77,-79,9
-88,-82,-76,-76,-80,9
-76,-81,-77,-72,-82,9
-87,-81,-76,-75,-80,9
-76,-81,-81,-70,-82,9
-76,-80,-80,-78,-79,9
-75,-80,-76,-76,-79,9
-76,-81,-77,-78,-79,9
-87,-82,-80,-78,-79,9
-75,-81,-75,-70,-83,9
-87,-83,-80,-78,-79,9
-84,-81,-77,-73,-82,9
-80,-83,-75,-80,-79,9
-78,-80,-77,-76,-78,9
-87,-79,-83,-69,-79,9
-89,-79,-77,-78,-78,9
-87,-77,-74,-76,-79,9
-83,-79,-74,-75,-78,9
-80,-81,-74,-77,-83,9
-77,-78,-77,-78,-84,9
-78,-76,-77,-78,-77,9
-83,-79,-74,-76,-82,9
-75,-75,-78,-83,-87,9
-85,-80,-79,-74,-80,9
-80,-79,-78,-80,-83,9
-78,-76,-74,-73,-79,9
-84,-77,-74,-75,-80,9
-85,-76,-78,-74,-81,9
-81,-78,-72,-74,-77,9
-85,-75,-72,-73,-80,9
-85,-76,-74,-74,-80,9
-83,-78,-74,-75,-83,9
-84,-78,-76,-80,-84,9
-84,-76,-80,-76,-83,9
-82,-78,-81,-73,-83,9
-84,-80,-74,-82,-83,9
-80,-75,-78,-87,-82,9
-85,-77,-75,-82,-80,9
-79,-77,-77,-82,-83,9
-84,-77,-74,-85,-82,9
-83,-76,-75,-77,-83,9
-83,-80,-75,-78,-84,9
-79,-82,-75,-77,-83,9
-80,-81,-77,-77,-84,9
-81,-80,-75,-77,-85,9
-79,-76,-77,-82,-84,9
-83,-78,-79,-80,-85,9
-84,-79,-76,-78,-87,9
-82,-81,-77,-83,-86,9
-80,-83,-76,-78,-84,9
-83,-78,-78,-79,-85,9
-80,-77,-80,-78,-86,9
-81,-80,-77,-83,-86,9
-80,-78,-76,-83,-86,9
-82,-79,-76,-78,-86,9
-81,-79,-76,-84,-86,9
-81,-75,-76,-80,-86,9
-80,-84,-76,-78,-85,9
-80,-78,-76,-78,-86,9
-82,-80,-74,-77,-86,9
-81,-80,-77,-80,-87,9
-86,-80,-73,-80,-84,9
-80,-77,-74,-80,-87,9
-80,-84,-80,-77,-84,9
-81,-79,-74,-80,-85,9
-80,-83,-74,-80,-87,9
-83,-79,-74,-80,-86,9
-86,-80,-76,-78,-87,9
-82,-81,-76,-83,-86,9
-84,-81,-76,-79,-86,9
-83,-78,-76,-80,-81,9
-77,-78,-74,-80,-80,9
-84,-78,-74,-74,-81,9
-82,-77,-75,-75,-82,9
-79,-78,-74,-76,-83,9
-89,-79,-75,-75,-77,9
-77,-78,-74,-77,-78,9
-77,-81,-74,-75,-84,9
-77,-79,-73,-75,-79,9
-80,-81,-74,-73,-77,9
-79,-80,-74,-75,-77,9
-79,-78,-73,-74,-84,9
-79,-80,-71,-77,-76,9
-81,-79,-72,-74,-76,9
-79,-80,-73,-80,-76,9
-82,-80,-74,-79,-74,9
-80,-81,-72,-76,-84,9
-83,-81,-73,-78,-75,9
-84,-76,-74,-78,-86,9
-70,-79,-72,-73,-80,10
-70,-79,-72,-71,-80,10
-72,-76,-78,-70,-71,10
-70,-80,-72,-74,-80,10
-72,-79,-79,-70,-71,10
-71,-77,-72,-71,-71,10
-71,-77,-75,-74,-80,10
-71,-79,-73,-73,-71,10
-71,-77,-72,-73,-71,10
-71,-80,-75,-73,-78,10
-72,-78,-72,-72,-71,10
-73,-77,-77,-71,-71,10
-71,-80,-73,-73,-72,10
-72,-77,-73,-71,-79,10
-71,-78,-72,-73,-71,10
-71,-78,-78,-73,-70,10
-71,-81,-75,-73,-74,10
-71,-79,-72,-74,-71,10
-71,-78,-78,-74,-71,10
-71,-81,-72,-74,-77,10
-71,-78,-78,-74,-71,10
-71,-78,-75,-74,-74,10
-71,-78,-74,-73,-74,10
-72,-79,-71,-69,-78,10
-71,-78,-78,-74,-78,10
-72,-79,-75,-74,-77,10
-71,-81,-72,-74,-71,10
-72,-79,-78,-74,-70,10
-71,-78,-72,-69,-71,10
-72,-81,-77,-73,-77,10
-71,-78,-73,-69,-72,10
-71,-81,-75,-71,-71,10
-71,-78,-78,-74,-70,10
-71,-78,-72,-69,-77,10
-71,-77,-78,-74,-78,10
-71,-78,-74,-74,-78,10
-72,-78,-72,-69,-70,10
-71,-78,-75,-69,-77,10
-71,-78,-72,-74,-70,10
-71,-79,-75,-74,-70,10
-72,-81,-73,-74,-71,10
-71,-79,-72,-74,-74,10
-71,-78,-73,-74,-71,10
-71,-78,-73,-74,-73,10
-71,-77,-73,-74,-71,10
-71,-78,-78,-74,-78,10
-71,-81,-72,-74,-71,10
-71,-78,-74,-74,-78,10
-72,-78,-78,-74,-71,10
-72,-81,-72,-74,-70,10
-71,-78,-72,-74,-71,10
-72,-81,-72,-74,-78,10
-71,-77,-73,-69,-72,10
-72,-81,-77,-74,-70,10
-71,-78,-73,-74,-71,10
-72,-79,-77,-69,-70,10
-71,-78,-74,-71,-71,10
-71,-81,-78,-69,-71,10
-71,-78,-78,-74,-78,10
-71,-79,-73,-74,-70,10
-72,-79,-78,-69,-72,10
-70,-78,-78,-74,-78,10
-71,-78,-72,-73,-78,10
-71,-79,-72,-71,-75,10
-71,-79,-75,-74,-74,10
-71,-77,-72,-74,-70,10
-72,-78,-73,-74,-78,10
-71,-78,-72,-74,-72,10
-71,-81,-77,-69,-78,10
-71,-77,-72,-74,-72,10
-71,-81,-77,-69,-78,10
-71,-78,-75,-74,-72,10
-72,-79,-74,-74,-74,10
-72,-81,-75,-74,-72,10
-72,-79,-75,-72,-73,10
-72,-79,-73,-74,-72,10
-71,-79,-73,-74,-70,10
-72,-80,-77,-69,-72,10
-71,-78,-73,-69,-78,10
-71,-79,-75,-69,-71,10
-71,-79,-75,-69,-78,10
-72,-80,-72,-74,-78,10
-71,-78,-78,-73,-71,10
-72,-78,-73,-74,-78,10
-72,-81,-78,-69,-74,10
-71,-78,-73,-74,-72,10
-72,-79,-73,-69,-78,10
-71,-78,-73,-74,-71,10
-71,-79,-72,-74,-72,10
-71,-79,-78,-71,-72,10
-73,-81,-72,-74,-70,10
-71,-77,-72,-69,-75,10
-71,-79,-75,-69,-78,10
-72,-81,-73,-74,-70,10
-72,-78,-72,-69,-77,10
-71,-79,-72,-69,-70,10
-72,-82,-73,-74,-72,10
-71,-78,-72,-69,-70,10
-71,-79,-73,-74,-72,10
-72,-81,-72,-69,-78,10
-71,-78,-74,-70,-72,10
-72,-81,-78,-74,-78,10
-71,-81,-72,-74,-75,10
-71,-78,-78,-74,-71,10
-71,-79,-75,-74,-76,10
-71,-78,-72,-69,-71,10
-72,-81,-73,-74,-72,10
-71,-78,-78,-69,-71,10
-72,-81,-73,-74,-72,10
-71,-78,-78,-72,-71,10
-72,-81,-73,-73,-72,10
-72,-78,-78,-74,-78,10
-72,-80,-75,-72,-70,10
-72,-79,-72,-74,-72,10
-71,-78,-75,-73,-78,10
-72,-79,-72,-74,-72,10
-71,-81,-78,-74,-78,10
-71,-78,-72,-69,-72,10
-71,-79,-72,-70,-71,10
-71,-79,-72,-70,-72,10
-72,-81,-73,-73,-72,10
-71,-78,-72,-70,-78,10
-72,-81,-74,-74,-71,10
-71,-81,-78,-74,-72,10
-72,-79,-74,-73,-70,10
-72,-78,-72,-69,-74,10
-71,-79,-78,-74,-72,10
-72,-79,-73,-71,-78,10
-71,-79,-73,-71,-78,10
-71,-79,-73,-70,-78,10
-71,-79,-73,-74,-78,10
-71,-79,-72,-73,-72,10
-72,-78,-73,-69,-71,10
-71,-79,-72,-74,-71,10
-71,-81,-78,-74,-71,10
-72,-78,-72,-74,-70,10
-71,-78,-74,-73,-72,10
-71,-81,-79,-74,-70,10
-71,-81,-73,-74,-73,10
-72,-78,-73,-73,-72,10
-72,-78,-72,-74,-71,10
-71,-82,-73,-72,-71,10
-71,-78,-71,-74,-78,10
-71,-78,-73,-71,-78,10
-72,-79,-72,-70,-72,10
-71,-79,-74,-74,-71,10
-71,-79,-72,-74,-72,10
-71,-78,-78,-72,-74,10
-72,-81,-74,-71,-78,10
-71,-78,-75,-74,-71,10
-71,-79,-72,-74,-74,10
-70,-80,-74,-71,-76,10
-72,-76,-74,-74,-78,10
-71,-78,-80,-69,-72,10
-71,-76,-72,-74,-71,10
-71,-76,-76,-73,-78,10
-71,-77,-74,-74,-72,10
-71,-79,-73,-74,-71,10
-71,-80,-75,-71,-77,10
-71,-78,-73,-74,-71,10
-72,-81,-79,-72,-71,10
-71,-81,-78,-74,-71,10
-72,-80,-73,-71,-71,10
-71,-77,-77,-69,-71,10
-71,-78,-73,-71,-73,10
-71,-77,-72,-73,-72,10
-72,-76,-73,-73,-75,10
-71,-82,-72,-73,-70,10
-72,-77,-76,-74,-80,10
-70,-82,-73,-69,-71,10
-71,-79,-73,-69,-71,10
-70,-77,-72,-74,-78,10
-71,-80,-72,-71,-71,10
-72,-81,-73,-74,-70,10
-70,-75,-77,-71,-72,10
-71,-78,-75,-73,-72,10
-71,-76,-72,-74,-71,10
-72,-77,-72,-71,-71,10
-71,-79,-76,-71,-77,10
-71,-77,-74,-76,-71,10
-71,-79,-76,-74,-73,10
-71,-79,-76,-73,-73,10
-71,-77,-71,-69,-70,10
-70,-78,-72,-71,-71,10
-72,-77,-72,-73,-71,10
-71,-78,-75,-72,-74,10
-72,-78,-74,-75,-83,10
-73,-78,-74,-71,-73,10
-71,-79,-74,-75,-71,10
-71,-75,-77,-71,-68,10
-70,-78,-72,-76,-71,10
-74,-75,-73,-72,-71,10
-70,-78,-72,-76,-82,10
-72,-75,-72,-73,-77,10
-72,-78,-75,-71,-70,10
-70,-79,-75,-73,-78,10
-68,-80,-73,-73,-73,10
-69,-79,-74,-71,-72,10
-69,-76,-75,-72,-72,10
-70,-77,-73,-72,-73,10
-69,-81,-74,-69,-71,10
-73,-77,-73,-73,-71,10
-70,-75,-76,-75,-72,10
-72,-82,-72,-73,-78,10
-70,-75,-77,-77,-75,10
-73,-78,-73,-74,-74,10
-70,-78,-73,-73,-70,10
-76,-76,-75,-72,-73,10
-87,-75,-70,-72,-71,10
-84,-85,-73,-72,-70,10
-80,-80,-72,-71,-70,10
-78,-79,-73,-73,-73,10
-79,-74,-74,-72,-73,10
-80,-79,-75,-72,-73,10
-84,-83,-75,-72,-70,10
-80,-80,-73,-72,-71,10
-84,-75,-73,-74,-75,10
-80,-79,-80,-73,-74,10
-80,-75,-76,-73,-73,10
-80,-83,-71,-73,-70,10
-79,-80,-79,-73,-73,10
-86,-79,-76,-72,-71,10
-86,-83,-76,-72,-73,10
-80,-83,-71,-72,-70,10
-79,-84,-76,-71,-71,10
-82,-78,-76,-73,-70,10
-79,-78,-77,-71,-73,10
-79,-80,-71,-72,-73,10
-87,-83,-77,-74,-71,10
-87,-75,-72,-71,-73,10
-80,-82,-72,-73,-76,10
-88,-79,-77,-73,-71,10
-88,-76,-77,-73,-71,10
-85,-76,-75,-72,-71,10
-85,-85,-76,-72,-71,10
-86,-80,-77,-73,-73,10
-78,-75,-75,-73,-73,10
-79,-85,-74,-71,-72,10
-84,-75,-73,-73,-71,10
-86,-75,-67,-71,-70,10
-81,-82,-70,-75,-69,10
-79,-75,-71,-73,-69,10
-79,-84,-75,-75,-74,10
-83,-74,-76,-74,-74,10
-75,-79,-73,-71,-73,10
-74,-73,-77,-71,-70,10
-78,-75,-72,-75,-70,10
-78,-74,-73,-71,-71,10
-77,-82,-73,-72,-79,10
-75,-76,-78,-71,-75,10
-77,-84,-73,-78,-70,10
-73,-75,-74,-72,-72,10
-71,-76,-79,-72,-84,10
-72,-79,-75,-71,-83,10
-74,-79,-73,-72,-73,10
-73,-79,-74,-71,-70,10
-77,-79,-73,-72,-70,10
-84,-77,-75,-72,-75,10
-84,-78,-71,-74,-80,10
-79,-80,-73,-70,-71,10
-76,-77,-74,-71,-74,10
-78,-78,-69,-70,-74,10
-78,-78,-75,-71,-76,10
-79,-80,-81,-72,-71,10
-74,-79,-76,-71,-71,10
-75,-76,-73,-68,-70,10
-74,-80,-75,-70,-78,10
-73,-78,-72,-65,-69,10
-73,-79,-76,-67,-72,10
-76,-78,-75,-69,-70,10
-71,-77,-71,-68,-70,10
-71,-83,-70,-72,-72,10
-73,-79,-74,-73,-70,10
-75,-80,-76,-70,-72,10
-71,-86,-74,-76,-73,10
-73,-78,-75,-73,-72,10
-76,-77,-76,-76,-69,10
-72,-81,-74,-71,-71,10
-74,-74,-72,-69,-69,10
-73,-82,-77,-75,-74,10
-75,-79,-72,-69,-76,10
-74,-83,-75,-70,-72,10
-79,-73,-71,-77,-76,10
-81,-79,-72,-77,-75,10
-75,-79,-72,-71,-77,10
-71,-78,-73,-71,-79,10
-71,-84,-75,-75,-72,10
-70,-79,-73,-74,-72,10
-70,-83,-72,-71,-83,10
-70,-78,-75,-71,-74,10
-71,-77,-76,-72,-73,10
-69,-74,-72,-70,-74,10
-72,-80,-77,-73,-72,10
-70,-80,-73,-73,-74,10
-70,-79,-71,-72,-71,10
-70,-83,-73,-75,-73,10
-71,-81,-76,-69,-71,10
-70,-78,-72,-74,-74,10
-69,-81,-74,-73,-75,10
-72,-74,-78,-73,-79,10
-72,-84,-72,-73,-73,10
-69,-73,-71,-71,-76,11
-71,-82,-87,-70,-80,11
-68,-82,-78,-75,-75,11
-67,-74,-79,-78,-75,11
-65,-81,-78,-76,-75,11
-67,-80,-79,-76,-71,11
-68,-73,-81,-71,-75,11
-65,-76,-86,-81,-78,11
-68,-74,-82,-71,-81,11
-67,-83,-79,-73,-75,11
-66,-74,-71,-80,-71,11
-69,-83,-71,-73,-80,11
-69,-77,-71,-76,-73,11
-68,-80,-71,-70,-74,11
-67,-81,-81,-81,-81,11
-69,-80,-71,-70,-71,11
-67,-73,-81,-81,-81,11
-69,-72,-80,-71,-71,11
-67,-77,-85,-74,-76,11
-69,-73,-81,-80,-76,11
-67,-79,-85,-72,-83,11
-72,-73,-70,-80,-76,11
-70,-81,-71,-76,-77,11
-68,-76,-71,-74,-77,11
-71,-75,-77,-70,-77,11
-69,-76,-82,-72,-70,11
-66,-80,-71,-81,-82,11
-66,-77,-80,-81,-70,11
-71,-80,-71,-70,-76,11
-69,-81,-85,-71,-76,11
-66,-78,-75,-79,-74,11
-69,-73,-71,-73,-82,11
-66,-80,-85,-80,-76,11
-70,-73,-71,-76,-76,11
-66,-81,-80,-73,-71,11
-69,-80,-80,-80,-76,11
-68,-81,-71,-76,-71,11
-69,-81,-81,-75,-74,11
-67,-73,-85,-71,-76,11
-71,-82,-80,-80,-81,11
-68,-82,-80,-76,-73,11
-66,-80,-80,-76,-71,11
-68,-76,-80,-71,-82,11
-71,-81,-69,-73,-71,11
-68,-81,-86,-72,-76,11
-66,-73,-85,-81,-76,11
-69,-81,-80,-73,-70,11
-66,-73,-86,-73,-78,11
-68,-81,-71,-80,-71,11
-71,-73,-85,-73,-82,11
-69,-80,-71,-71,-76,11
-69,-73,-78,-73,-82,11
-66,-80,-86,-71,-76,11
-71,-73,-71,-73,-71,11
-71,-73,-80,-81,-76,11
-66,-79,-71,-73,-71,11
-71,-73,-80,-80,-71,11
-66,-79,-86,-73,-83,11
-69,-80,-82,-76,-73,11
-70,-72,-85,-73,-82,11
-68,-82,-78,-71,-73,11
-66,-72,-71,-80,-71,11
-68,-80,-71,-71,-76,11
-69,-77,-71,-76,-79,11
-68,-81,-71,-71,-75,11
-66,-73,-84,-80,-82,11
-69,-79,-78,-73,-83,11
-66,-73,-75,-80,-76,11
-70,-80,-80,-76,-71,11
-70,-81,-71,-73,-83,11
-68,-81,-71,-80,-76,11
-68,-73,-71,-75,-83,11
-70,-77,-71,-72,-78,11
-68,-80,-71,-71,-71,11
-69,-79,-85,-71,-71,11
-66,-81,-82,-74,-73,11
-69,-73,-82,-73,-75,11
-67,-79,-80,-71,-76,11
-69,-75,-71,-71,-71,11
-68,-76,-82,-75,-71,11
-66,-81,-79,-73,-83,11
-69,-79,-80,-75,-75,11
-68,-79,-71,-76,-76,11
-66,-81,-71,-73,-71,11
-69,-80,-80,-80,-71,11
-69,-80,-75,-76,-71,11
-66,-79,-85,-73,-83,11
-68,-73,-80,-76,-79,11
-70,-79,-79,-75,-71,11
-68,-73,-71,-72,-83,11
-69,-79,-84,-73,-76,11
-70,-73,-80,-81,-83,11
-68,-76,-71,-71,-76,11
-67,-80,-80,-71,-76,11
-68,-76,-80,-73,-79,11
-70,-81,-85,-80,-71,11
-66,-79,-80,-73,-84,11
-68,-80,-79,-80,-71,11
-68,-73,-71,-74,-77,11
-68,-79,-71,-72,-76,11
-68,-76,-71,-71,-73,11
-66,-79,-85,-71,-71,11
-69,-73,-71,-73,-71,11
-66,-76,-71,-72,-83,11
-66,-79,-85,-71,-71,11
-68,-73,-79,-71,-71,11
-69,-78,-79,-80,-83,11
-68,-79,-86,-71,-75,11
-69,-73,-71,-74,-75,11
-67,-79,-71,-71,-75,11
-66,-81,-80,-71,-71,11
-67,-81,-71,-80,-75,11
-68,-79,-79,-71,-82,11
-66,-81,-80,-71,-74,11
-68,-75,-71,-80,-79,11
-66,-79,-75,-71,-73,11
-69,-82,-80,-80,-71,11
-66,-73,-85,-71,-75,11
-69,-79,-79,-80,-71,11
-66,-81,-86,-71,-83,11
-68,-79,-82,-74,-77,11
-69,-77,-71,-80,-71,11
-67,-73,-71,-71,-77,11
-66,-79,-85,-80,-83,11
-70,-79,-71,-72,-71,11
-67,-73,-71,-77,-76,11
-68,-76,-71,-72,-73,11
-69,-77,-80,-80,-76,11
-66,-82,-80,-80,-83,11
-69,-80,-80,-71,-79,11
-68,-75,-72,-70,-75,11
-68,-72,-80,-71,-82,11
-68,-78,-82,-69,-80,11
-68,-81,-77,-77,-74,11
-68,-73,-84,-76,-78,11
-66,-82,-71,-71,-83,11
-69,-82,-86,-72,-87,11
-70,-76,-72,-71,-85,11
-69,-81,-72,-76,-87,11
-70,-77,-85,-74,-77,11
-68,-82,-85,-74,-75,11
-68,-83,-71,-71,-81,11
-68,-79,-87,-71,-76,11
-68,-80,-71,-75,-74,11
-68,-83,-71,-76,-74,11
-65,-80,-84,-72,-77,11
-71,-74,-71,-69,-79,11
-70,-80,-71,-69,-74,11
-69,-86,-79,-70,-83,11
-71,-76,-71,-70,-86,11
-71,-74,-69,-70,-74,11
-71,-79,-71,-71,-70,11
-69,-76,-71,-70,-77,11
-67,-83,-77,-71,-74,11
-67,-79,-78,-70,-70,11
-71,-79,-84,-76,-78,11
-67,-74,-71,-75,-74,11
-70,-80,-85,-76,-74,11
-65,-79,-84,-81,-84,11
-70,-74,-87,-72,-69,11
-65,-79,-71,-82,-84,11
-71,-75,-83,-72,-69,11
-71,-75,-84,-76,-81,11
-65,-78,-83,-73,-84,11
-69,-79,-84,-68,-74,11
-73,-75,-72,-68,-82,11
-65,-78,-83,-78,-74,11
-67,-78,-84,-78,-74,11
-71,-76,-84,-71,-77,11
-67,-84,-85,-77,-82,11
-67,-76,-72,-78,-82,11
-69,-78,-83,-82,-70,11
-73,-79,-84,-73,-79,11
-65,-78,-83,-84,-70,11
-72,-84,-72,-73,-79,11
-69,-79,-83,-68,-70,11
-65,-75,-72,-73,-85,11
-69,-82,-84,-69,-70,11
-65,-75,-83,-84,-78,11
-69,-77,-85,-69,-82,11
-65,-75,-86,-73,-70,11
-70,-75,-71,-73,-78,11
-69,-76,-82,-68,-82,11
-69,-76,-83,-78,-80,11
-71,-77,-84,-76,-68,11
-70,-73,-83,-72,-79,11
-70,-72,-70,-73,-76,11
-69,-83,-84,-71,-71,11
-70,-83,-81,-78,-75,11
-69,-75,-80,-72,-73,11
-69,-75,-75,-81,-71,11
-70,-72,-72,-71,-77,11
-70,-79,-72,-81,-75,11
-69,-79,-82,-71,-74,11
-71,-72,-79,-71,-71,11
-69,-80,-81,-81,-76,11
-69,-72,-72,-72,-74,11
-69,-78,-82,-82,-76,11
-69,-72,-72,-72,-71,11
-70,-72,-82,-71,-75,11
-69,-79,-79,-72,-69,11
-69,-80,-77,-72,-73,11
-68,-77,-84,-76,-72,11
-71,-72,-80,-71,-74,11
-69,-78,-83,-73,-71,11
-71,-79,-71,-73,-73,11
-70,-79,-77,-72,-71,11
-69,-79,-71,-71,-74,11
-69,-72,-79,-72,-71,11
-69,-75,-80,-73,-72,11
-69,-79,-77,-70,-76,11
-69,-80,-71,-76,-72,11
-71,-79,-72,-77,-75,11
-69,-79,-71,-77,-75,11
-69,-80,-84,-81,-69,11
-69,-79,-71,-73,-78,11
-69,-80,-72,-80,-73,11
-70,-75,-80,-77,-75,11
-69,-79,-78,-73,-72,11
-71,-80,-75,-81,-72,11
-70,-79,-72,-76,-75,11
-69,-72,-72,-73,-74,11
-71,-79,-85,-81,-71,11
-71,-72,-79,-71,-78,11
-69,-76,-81,-71,-76,11
-70,-72,-72,-71,-74,11
-69,-79,-72,-71,-75,11
-70,-79,-79,-72,-72,11
-71,-79,-85,-79,-71,11
-69,-79,-79,-76,-73,11
-71,-80,-85,-80,-71,11
-71,-79,-80,-71,-74,11
-68,-79,-71,-71,-72,11
-69,-80,-80,-74,-69,11
-68,-79,-86,-72,-73,11
-70,-80,-72,-79,-69,11
-69,-80,-84,-75,-71,11
-71,-80,-80,-71,-73,11
-70,-72,-80,-71,-76,11
-69,-79,-79,-75,-76,11
-71,-80,-72,-73,-74,11
-70,-77,-83,-77,-70,11
-70,-79,-80,-76,-75,11
-70,-75,-85,-76,-70,11
-71,-79,-79,-71,-78,11
-69,-72,-79,-80,-71,11
-70,-79,-85,-71,-74,11
-69,-79,-80,-73,-71,11
-69,-80,-79,-71,-76,11
-69,-79,-82,-71,-76,11
-71,-72,-80,-77,-75,11
-71,-79,-78,-76,-72,11
-69,-79,-72,-81,-71,11
-69,-75,-71,-71,-71,11
-69,-79,-84,-71,-78,11
-69,-72,-79,-73,-74,11
-70,-80,-72,-71,-79,11
-68,-72,-79,-80,-74,11
-71,-79,-85,-71,-78,11
-69,-72,-78,-80,-74,11
-70,-80,-79,-72,-76,11
-69,-79,-84,-80,-72,11
-70,-80,-78,-76,-71,11
-70,-80,-84,-74,-78,11
-69,-74,-79,-71,-74,11
-71,-77,-81,-72,-71,11
-70,-82,-83,-71,-72,11
-70,-78,-81,-72,-74,11
-69,-75,-82,-72,-73,11
-71,-80,-73,-70,-71,11
-69,-78,-79,-81,-69,11
-70,-76,-80,-69,-73,11
-69,-72,-76,-72,-71,11
-69,-75,-82,-69,-71,11
-69,-71,-72,-68,-71,11
-70,-80,-81,-75,-75,11
-71,-83,-79,-69,-79,11
-70,-76,-77,-69,-74,11
-69,-73,-80,-78,-82,11
-67,-81,-82,-75,-75,12
-71,-82,-80,-76,-71,12
-73,-89,-80,-79,-70,12
-78,-88,-80,-84,-76,12
-72,-86,-81,-78,-71,12
-69,-82,-84,-81,-72,12
-71,-86,-80,-73,-72,12
-70,-83,-81,-74,-70,12
-73,-81,-81,-83,-72,12
-77,-82,-80,-85,-71,12
-69,-78,-79,-82,-74,12
-66,-83,-82,-75,-84,12
-65,-81,-82,-76,-69,12
-65,-89,-82,-78,-74,12
-68,-88,-78,-78,-82,12
-68,-86,-79,-76,-76,12
-67,-84,-84,-75,-72,12
-67,-85,-81,-77,-72,12
-68,-85,-80,-76,-70,12
-68,-82,-78,-75,-70,12
-67,-83,-88,-75,-69,12
-68,-81,-80,-83,-76,12
-67,-84,-80,-82,-75,12
-67,-83,-81,-76,-74,12
-68,-84,-86,-74,-70,12
-67,-87,-79,-74,-75,12
-66,-86,-79,-77,-76,12
-66,-86,-79,-78,-76,12
-68,-85,-82,-74,-76,12
-66,-85,-83,-84,-78,12
-68,-79,-79,-75,-76,12
-67,-89,-83,-76,-79,12
-67,-82,-81,-77,-76,12
-67,-81,-79,-77,-69,12
-67,-83,-80,-79,-84,12
-66,-83,-79,-80,-78,12
-66,-85,-80,-84,-76,12
-67,-83,-81,-81,-74,12
-66,-85,-78,-79,-84,12
-68,-87,-79,-75,-71,12
-67,-88,-84,-76,-78,12
-66,-83,-88,-77,-71,12
-68,-80,-79,-79,-83,12
-67,-84,-82,-80,-69,12
-67,-80,-81,-77,-72,12
-67,-85,-78,-78,-72,12
-68,-81,-85,-74,-75,12
-66,-81,-81,-82,-70,12
-68,-86,-83,-79,-77,12
-71,-86,-81,-79,-70,12
-72,-81,-80,-79,-71,12
-72,-80,-81,-76,-74,12
-73,-87,-83,-84,-77,12
-75,-83,-82,-80,-74,12
-73,-87,-85,-80,-73,12
-69,-84,-85,-77,-71,12
-70,-84,-87,-74,-80,12
-68,-79,-84,-83,-76,12
-66,-84,-79,-77,-68,12
-67,-86,-87,-75,-82,12
-66,-87,-84,-77,-74,12
-67,-80,-82,-78,-70,12
-67,-82,-85,-76,-75,12
-66,-90,-81,-76,-77,12
-67,-82,-78,-76,-76,12
-68,-86,-89,-75,-76,12
-66,-83,-84,-78,-77,12
-68,-84,-85,-79,-79,12
-65,-80,-84,-81,-78,12
-69,-88,-81,-75,-84,12
-66,-83,-84,-79,-74,12
-67,-81,-81,-80,-77,12
-68,-89,-80,-74,-79,12
-70,-82,-84,-79,-75,12
-66,-83,-86,-81,-77,12
-70,-86,-80,-80,-78,12
-67,-84,-86,-75,-74,12
-69,-89,-90,-79,-82,12
-69,-82,-86,-74,-75,12
-67,-84,-81,-74,-74,12
-67,-82,-86,-81,-75,12
-66,-80,-81,-82,-76,12
-68,-83,-81,-81,-75,12
-66,-83,-82,-81,-80,12
-67,-86,-84,-79,-74,12
-68,-84,-82,-80,-73,12
-67,-80,-82,-75,-75,12
-67,-87,-86,-76,-79,12
-68,-82,-84,-75,-76,12
-67,-86,-79,-80,-72,12
-67,-86,-87,-78,-75,12
-67,-89,-84,-81,-79,12
-66,-80,-80,-82,-80,12
-66,-83,-89,-85,-67,12
-66,-81,-81,-75,-73,12
-68,-84,-86,-80,-73,12
-69,-85,-82,-78,-73,12
-69,-89,-82,-75,-67,12
-69,-85,-83,-80,-67,12
-70,-85,-83,-77,-67,12
-69,-85,-83,-81,-74,12
-70,-84,-83,-75,-67,12
-69,-86,-85,-81,-74,12
-73,-85,-84,-75,-73,12
-74,-88,-81,-75,-77,12
-73,-87,-81,-76,-73,12
-73,-83,-88,-74,-70,12
-70,-83,-81,-74,-82,12
-73,-82,-84,-79,-71,12
-70,-87,-82,-78,-71,12
-69,-82,-82,-84,-70,12
-68,-86,-84,-76,-74,12
-67,-83,-80,-78,-73,12
-67,-80,-83,-75,-75,12
-66,-80,-83,-77,-76,12
-66,-81,-85,-85,-79,12
-66,-80,-85,-88,-77,12
-67,-82,-83,-90,-72,12
-67,-80,-82,-77,-70,12
-68,-83,-81,-76,-75,12
-68,-83,-83,-88,-74,12
-67,-84,-93,-75,-69,12
-69,-83,-81,-75,-72,12
-71,-83,-81,-77,-69,12
-72,-84,-86,-77,-77,12
-69,-83,-81,-77,-73,12
-69,-84,-87,-83,-83,12
-67,-92,-82,-80,-73,12
-67,-83,-81,-82,-73,12
-68,-85,-84,-81,-76,12
-66,-85,-82,-78,-72,12
-66,-81,-83,-84,-74,12
-71,-81,-84,-81,-77,12
-75,-83,-86,-76,-73,12
-74,-81,-85,-82,-75,12
-72,-81,-85,-88,-72,12
-72,-81,-88,-75,-73,12
-71,-83,-84,-74,-73,12
-71,-85,-84,-85,-74,12
-71,-81,-83,-74,-75,12
-72,-83,-84,-75,-80,12
-72,-81,-84,-75,-75,12
-72,-85,-84,-76,-72,12
-72,-83,-81,-76,-76,12
-71,-81,-83,-76,-73,12
-71,-81,-87,-76,-73,12
-72,-81,-81,-76,-77,12
-72,-82,-82,-76,-77,12
-74,-83,-87,-83,-76,12
-71,-83,-83,-75,-83,12
-72,-81,-84,-75,-77,12
-71,-84,-86,-76,-71,12
-73,-85,-82,-76,-81,12
-72,-84,-81,-77,-78,12
-74,-89,-87,-90,-69,12
-74,-83,-87,-80,-75,12
-70,-83,-82,-76,-76,12
-68,-87,-86,-76,-72,12
-68,-88,-78,-83,-70,12
-67,-85,-81,-79,-81,12
-67,-84,-88,-81,-71,12
-67,-87,-82,-79,-70,12
-67,-81,-82,-79,-75,12
-67,-86,-86,-77,-73,12
-67,-85,-84,-78,-77,12
-66,-84,-83,-81,-78,12
-68,-86,-82,-84,-70,12
-68,-84,-84,-74,-72,12
-68,-83,-88,-80,-73,12
-67,-91,-87,-75,-70,12
-65,-86,-81,-78,-77,12
-65,-87,-82,-76,-68,12
-70,-86,-82,-86,-74,12
-66,-90,-81,-79,-73,12
-67,-83,-83,-76,-71,12
-69,-85,-92,-76,-70,12
-67,-86,-81,-79,-72,12
-66,-80,-85,-75,-77,12
-68,-83,-86,-76,-77,12
-67,-83,-83,-75,-74,12
-68,-83,-81,-86,-77,12
-66,-84,-84,-79,-82,12
-68,-81,-85,-78,-71,12
-67,-84,-81,-82,-80,12
-69,-80,-81,-75,-69,12
-66,-88,-83,-78,-78,12
-66,-85,-81,-76,-69,12
-65,-92,-85,-86,-79,12
-68,-84,-84,-75,-70,12
-67,-86,-82,-83,-75,12
-68,-81,-84,-80,-72,12
-66,-86,-82,-78,-72,12
-69,-88,-87,-79,-75,12
-68,-84,-84,-74,-76,12
-69,-83,-83,-83,-74,12
-68,-81,-82,-76,-74,12
-74,-82,-88,-80,-77,12
-70,-83,-78,-77,-71,12
-71,-85,-85,-76,-72,12
-72,-81,-85,-75,-72,12
-72,-81,-86,-77,-72,12
-73,-84,-84,-79,-71,12
-72,-84,-84,-79,-72,12
-72,-86,-85,-75,-72,12
-71,-86,-89,-77,-74,12
-71,-80,-83,-78,-74,12
-72,-83,-81,-78,-74,12
-73,-79,-88,-77,-72,12
-67,-76,-77,-72,-75,13
-67,-77,-74,-69,-75,13
-71,-81,-73,-75,-82,13
-67,-72,-74,-70,-81,13
-69,-77,-73,-78,-81,13
-70,-77,-74,-75,-81,13
-68,-73,-73,-75,-82,13
-67,-73,-73,-69,-83,13
-67,-77,-73,-69,-82,13
-71,-77,-73,-69,-78,13
-68,-77,-74,-75,-78,13
-67,-77,-71,-69,-80,13
-69,-78,-75,-75,-81,13
-69,-72,-75,-75,-82,13
-69,-72,-71,-69,-77,13
-67,-72,-77,-69,-76,13
-71,-73,-71,-69,-82,13
-69,-72,-73,-85,-76,13
-67,-72,-73,-69,-82,13
-67,-83,-77,-75,-75,13
-70,-73,-71,-85,-81,13
-69,-73,-74,-77,-81,13
-67,-77,-74,-77,-84,13
-67,-72,-71,-70,-81,13
-71,-83,-74,-86,-74,13
-69,-76,-75,-72,-74,13
-69,-72,-75,-72,-81,13
-66,-72,-77,-70,-83,13
-67,-72,-71,-75,-82,13
-66,-78,-76,-75,-82,13
-66,-78,-76,-76,-81,13
-67,-75,-77,-84,-79,13
-67,-72,-71,-70,-83,13
-68,-78,-77,-74,-78,13
-68,-77,-73,-70,-81,13
-69,-73,-76,-85,-81,13
-67,-73,-74,-72,-81,13
-71,-85,-76,-75,-79,13
-67,-84,-75,-76,-74,13
-67,-73,-74,-80,-74,13
-67,-72,-75,-75,-77,13
-71,-72,-78,-86,-80,13
-67,-72,-74,-72,-76,13
-71,-72,-73,-74,-73,13
-66,-73,-72,-83,-74,13
-68,-72,-74,-72,-78,13
-67,-72,-78,-83,-85,13
-69,-73,-74,-76,-81,13
-69,-73,-73,-76,-78,13
-68,-73,-75,-72,-84,13
-67,-72,-74,-83,-80,13
-67,-77,-76,-75,-82,13
-67,-73,-73,-73,-84,13
-70,-83,-77,-70,-79,13
-67,-72,-76,-81,-78,13
-68,-73,-77,-69,-77,13
-68,-78,-74,-75,-84,13
-66,-73,-74,-69,-78,13
-67,-73,-73,-75,-77,13
-66,-83,-75,-75,-77,13
-67,-72,-78,-86,-77,13
-66,-72,-74,-75,-76,13
-66,-84,-71,-86,-84,13
-66,-72,-78,-81,-75,13
-71,-72,-71,-72,-79,13
-67,-84,-75,-70,-80,13
-69,-78,-75,-89,-75,13
-68,-72,-73,-72,-75,13
-71,-72,-74,-70,-86,13
-66,-73,-75,-75,-80,13
-66,-83,-77,-87,-77,13
-70,-72,-71,-76,-84,13
-67,-78,-71,-86,-77,13
-67,-72,-75,-75,-80,13
-66,-84,-72,-81,-77,13
-68,-75,-72,-75,-77,13
-67,-73,-75,-70,-76,13
-68,-72,-73,-80,-80,13
-71,-83,-73,-70,-80,13
-71,-79,-75,-86,-76,13
-67,-73,-72,-70,-78,13
-70,-73,-75,-70,-79,13
-66,-72,-72,-75,-81,13
-69,-72,-73,-70,-75,13
-67,-73,-75,-70,-75,13
-70,-84,-72,-85,-83,13
-67,-73,-77,-75,-75,13
-68,-85,-74,-70,-75,13
-69,-76,-75,-70,-83,13
-71,-73,-75,-75,-82,13
-67,-73,-77,-70,-75,13
-66,-73,-74,-70,-75,13
-67,-73,-78,-70,-74,13
-71,-78,-76,-70,-80,13
-67,-72,-74,-71,-75,13
-67,-72,-72,-86,-75,13
-67,-84,-78,-71,-84,13
-71,-73,-72,-75,-76,13
-67,-72,-75,-75,-81,13
-69,-78,-78,-70,-76,13
-67,-76,-74,-76,-75,13
-68,-73,-77,-70,-78,13
-67,-82,-74,-76,-80,13
-69,-74,-78,-70,-80,13
-67,-84,-75,-79,-78,13
-65,-73,-78,-70,-74,13
-69,-83,-75,-75,-73,13
-66,-77,-73,-75,-71,13
-67,-78,-75,-75,-71,13
-68,-74,-78,-74,-78,13
-66,-77,-76,-70,-77,13
-68,-71,-71,-80,-74,13
-71,-74,-71,-74,-75,13
-68,-85,-77,-80,-68,13
-71,-74,-71,-71,-78,13
-69,-74,-73,-74,-75,13
-67,-73,-74,-78,-75,13
-70,-74,-76,-78,-76,13
-69,-72,-76,-72,-74,13
-67,-74,-74,-74,-75,13
-68,-72,-75,-82,-75,13
-70,-73,-72,-70,-75,13
-70,-72,-74,-76,-75,13
-67,-73,-76,-84,-73,13
-69,-74,-74,-77,-75,13
-67,-74,-77,-77,-72,13
-68,-72,-75,-74,-74,13
-67,-74,-75,-70,-77,13
-69,-74,-75,-74,-77,13
-68,-72,-76,-72,-78,13
-71,-87,-77,-75,-74,13
-66,-73,-76,-75,-85,13
-67,-86,-71,-82,-80,13
-65,-73,-78,-72,-75,13
-70,-72,-74,-79,-81,13
-66,-84,-71,-74,-74,13
-69,-72,-76,-74,-74,13
-67,-79,-76,-74,-77,13
-64,-72,-72,-74,-82,13
-69,-75,-75,-74,-76,13
-68,-73,-76,-70,-76,13
-67,-73,-76,-82,-76,13
-71,-73,-72,-70,-73,13
-67,-83,-76,-82,-76,13
-69,-72,-71,-70,-77,13
-65,-80,-76,-81,-73,13
-66,-77,-76,-75,-78,13
-68,-74,-76,-75,-75,13
-71,-71,-71,-70,-74,13
-68,-71,-76,-80,-77,13
-71,-72,-73,-76,-82,13
-69,-74,-73,-72,-81,13
-68,-78,-73,-71,-78,13
-68,-75,-71,-76,-81,13
-68,-74,-75,-75,-74,13
-70,-81,-77,-71,-79,13
-70,-74,-76,-71,-81,13
-67,-72,-74,-70,-75,13
-72,-73,-75,-71,-77,13
-68,-74,-73,-71,-74,13
-67,-78,-75,-74,-78,13
-66,-72,-72,-83,-77,13
-65,-74,-82,-75,-79,13
-66,-72,-73,-76,-78,13
-66,-84,-74,-71,-76,13
-68,-77,-74,-77,-79,13
-66,-72,-73,-75,-79,13
-71,-74,-75,-76,-78,13
-66,-72,-75,-73,-71,13
-68,-72,-72,-79,-77,13
-72,-74,-79,-73,-77,13
-69,-72,-74,-75,-74,13
-72,-73,-75,-79,-78,13
-78,-81,-71,-72,-76,13
-74,-72,-77,-80,-76,13
-72,-73,-71,-72,-76,13
-72,-72,-75,-75,-72,13
-71,-73,-74,-75,-82,13
-66,-81,-70,-73,-82,13
-68,-72,-78,-82,-71,13
-66,-72,-77,-78,-74,13
-65,-83,-81,-72,-79,13
-65,-72,-75,-77,-86,13
-67,-76,-77,-78,-75,13
-66,-74,-77,-71,-82,13
-69,-77,-72,-75,-86,13
-68,-75,-77,-82,-78,13
-67,-71,-72,-71,-85,13
-70,-74,-76,-80,-80,13
-69,-83,-72,-71,-77,13
-69,-74,-76,-79,-78,13
-66,-73,-72,-71,-81,13
-67,-74,-73,-76,-77,13
-68,-74,-74,-78,-76,13
-74,-82,-77,-70,-75,13
-72,-72,-71,-82,-77,13
-67,-72,-76,-72,-78,13
-69,-75,-74,-72,-77,13
-72,-72,-74,-79,-78,13
-80,-74,-75,-70,-75,13
-72,-72,-75,-80,-77,13
-67,-86,-76,-70,-77,13
-76,-71,-74,-79,-77,13
-67,-75,-76,-70,-77,13
-71,-73,-75,-81,-77,13
-68,-82,-74,-74,-75,13
-69,-74,-74,-70,-76,13
-69,-73,-74,-78,-76,13
-67,-74,-75,-80,-79,13
-69,-72,-72,-71,-74,13
-69,-85,-73,-70,-75,13
-69,-72,-77,-75,-75,13
-66,-84,-72,-82,-75,13
-72,-73,-78,-70,-81,13
-67,-83,-73,-71,-76,13
-66,-76,-73,-78,-75,13
-67,-80,-75,-86,-82,13
-69,-72,-76,-80,-73,13
-64,-82,-77,-72,-77,13
-66,-78,-75,-72,-73,13
-69,-73,-77,-74,-71,13
-68,-75,-74,-72,-75,13
-69,-74,-73,-72,-73,13
-70,-84,-76,-76,-73,13
-78,-72,-73,-72,-73,13
-74,-73,-78,-71,-74,13
-76,-73,-73,-80,-75,13
-78,-75,-75,-74,-75,13
-74,-79,-75,-74,-74,13
-71,-78,-77,-83,-76,13
-75,-74,-73,-74,-77,13
-72,-78,-75,-81,-76,13
-74,-73,-71,-74,-75,13
-71,-75,-77,-76,-77,13
-72,-72,-72,-78,-74,13
-77,-78,-73,-74,-74,13
-77,-74,-77,-80,-76,13
-79,-73,-72,-75,-76,13
-78,-71,-73,-77,-74,13
-75,-73,-77,-72,-75,13
-77,-85,-72,-76,-74,13
-74,-72,-72,-74,-78,13
-77,-73,-77,-72,-75,13
-75,-72,-72,-72,-78,13
-76,-74,-73,-72,-74,13
-80,-83,-73,-78,-76,13
-78,-79,-73,-73,-74,13
-74,-72,-77,-77,-75,13
-80,-84,-72,-74,-78,13
-75,-73,-77,-77,-75,13
-78,-73,-73,-73,-75,13
-76,-72,-75,-74,-76,13
-83,-74,-75,-74,-77,13
-75,-73,-73,-73,-77,13
-75,-72,-76,-74,-76,13
-74,-72,-73,-75,-76,13
-75,-73,-79,-75,-75,13
-80,-73,-73,-74,-73,13
-77,-72,-79,-76,-76,13
-80,-73,-72,-75,-76,13
-77,-73,-75,-75,-75,13
-76,-85,-72,-72,-77,13
-76,-72,-79,-75,-72,13
-78,-79,-75,-74,-76,13
-76,-71,-74,-76,-74,13
-77,-72,-76,-78,-74,13
-79,-79,-76,-74,-75,13
-79,-72,-72,-76,-77,13
-77,-73,-73,-74,-74,13
-81,-73,-72,-73,-74,13
-75,-73,-76,-74,-73,13
-80,-72,-73,-73,-75,13
-74,-73,-78,-78,-76,13
-81,-72,-75,-74,-74,13
-76,-72,-73,-74,-75,13
-75,-71,-73,-72,-76,13
-77,-72,-77,-73,-77,13
-78,-72,-75,-73,-74,13
-81,-73,-77,-73,-75,13
-77,-72,-75,-74,-75,13
-83,-74,-73,-72,-74,13
-74,-73,-75,-72,-76,13
-75,-73,-78,-74,-77,13
-74,-72,-75,-75,-75,13
-75,-85,-72,-74,-74,13
-74,-72,-73,-72,-76,13
-79,-72,-73,-74,-75,13
-75,-72,-79,-77,-77,13
-77,-72,-73,-73,-76,13
-74,-73,-72,-74,-76,13
-76,-72,-73,-77,-74,13
-82,-86,-74,-74,-74,13
-76,-72,-72,-73,-72,13
-81,-73,-75,-77,-76,13
-67,-74,-79,-79,-75,14
-68,-75,-75,-81,-75,14
-68,-75,-77,-79,-80,14
-67,-75,-76,-81,-79,14
-67,-73,-75,-79,-75,14
-68,-73,-76,-80,-76,14
-68,-75,-77,-81,-89,14
-68,-75,-79,-79,-76,14
-70,-74,-81,-79,-76,14
-67,-76,-76,-79,-76,14
-69,-75,-78,-80,-75,14
-68,-76,-78,-81,-75,14
-70,-75,-81,-79,-77,14
-69,-73,-78,-80,-76,14
-70,-76,-78,-79,-88,14
-68,-81,-78,-81,-75,14
-67,-73,-74,-81,-82,14
-70,-73,-81,-81,-75,14
-69,-75,-76,-79,-75,14
-68,-74,-77,-80,-75,14
-68,-75,-76,-78,-74,14
-68,-74,-77,-80,-76,14
-68,-74,-78,-80,-76,14
-68,-75,-76,-81,-75,14
-68,-74,-76,-78,-75,14
-67,-75,-80,-81,-75,14
-68,-74,-79,-81,-74,14
-70,-73,-79,-79,-75,14
-67,-75,-75,-82,-76,14
-68,-74,-83,-81,-75,14
-67,-75,-75,-81,-74,14
-67,-74,-75,-84,-75,14
-68,-73,-75,-83,-72,14
-68,-74,-76,-80,-72,14
-67,-74,-77,-80,-71,14
-70,-73,-77,-82,-77,14
-68,-75,-77,-83,-71,14
-71,-75,-78,-88,-69,14
-71,-74,-78,-81,-75,14
-67,-81,-78,-83,-71,14
-70,-71,-77,-80,-70,14
-70,-80,-78,-83,-78,14
-68,-73,-77,-82,-70,14
-66,-75,-76,-79,-75,14
-68,-75,-76,-80,-69,14
-66,-74,-76,-87,-75,14
-68,-79,-76,-78,-77,14
-66,-73,-79,-80,-71,14
-68,-80,-81,-81,-68,14
-69,-73,-77,-81,-76,14
-69,-80,-76,-78,-69,14
-67,-73,-78,-79,-70,14
-68,-75,-84,-77,-75,14
-68,-86,-77,-85,-70,14
-68,-75,-84,-78,-70,14
-67,-75,-77,-81,-69,14
-67,-85,-80,-80,-73,14
-67,-75,-84,-81,-74,14
-67,-75,-78,-77,-73,14
-67,-75,-79,-81,-69,14
-68,-85,-78,-81,-72,14
-67,-76,-78,-77,-69,14
-67,-75,-78,-77,-69,14
-67,-79,-81,-77,-73,14
-67,-79,-81,-78,-73,14
-67,-75,-81,-82,-68,14
-66,-75,-81,-81,-73,14
-67,-81,-78,-77,-72,14
-67,-75,-80,-76,-72,14
-67,-75,-80,-81,-72,14
-67,-75,-78,-77,-69,14
-67,-76,-84,-81,-69,14
-67,-74,-80,-77,-70,14
-67,-75,-78,-77,-73,14
-68,-75,-78,-81,-73,14
-67,-75,-78,-77,-77,14
-68,-75,-78,-78,-73,14
-67,-75,-78,-81,-69,14
-67,-75,-84,-81,-68,14
-67,-75,-83,-76,-77,14
-68,-75,-84,-81,-69,14
-67,-78,-79,-81,-69,14
-67,-75,-78,-81,-73,14
-67,-80,-81,-81,-73,14
-67,-75,-84,-86,-69,14
-68,-75,-78,-81,-78,14
-67,-74,-78,-76,-69,14
-67,-75,-78,-77,-73,14
-68,-75,-78,-81,-71,14
-67,-75,-78,-76,-69,14
-67,-74,-80,-77,-68,14
-67,-75,-83,-86,-69,14
-67,-75,-83,-77,-72,14
-67,-75,-77,-79,-73,14
-68,-75,-79,-81,-69,14
-67,-75,-84,-81,-77,14
-67,-76,-84,-77,-68,14
-67,-85,-78,-77,-69,14
-67,-74,-85,-77,-73,14
-67,-74,-79,-79,-71,14
-68,-75,-84,-81,-73,14
-68,-75,-81,-77,-73,14
-68,-75,-78,-77,-77,14
-67,-74,-80,-77,-72,14
-67,-75,-83,-81,-69,14
-67,-85,-78,-76,-77,14
-68,-75,-81,-77,-69,14
-68,-75,-78,-82,-69,14
-67,-75,-78,-76,-73,14
-68,-86,-78,-86,-77,14
-67,-75,-78,-76,-69,14
-67,-75,-81,-77,-73,14
-68,-75,-83,-79,-72,14
-67,-75,-78,-86,-78,14
-68,-75,-78,-76,-73,14
-66,-75,-78,-77,-69,14
-67,-74,-78,-77,-77,14
-67,-80,-83,-81,-67,14
-67,-75,-78,-77,-69,14
-67,-75,-78,-86,-72,14
-67,-76,-81,-77,-72,14
-67,-76,-84,-79,-72,14
-67,-76,-81,-81,-73,14
-68,-74,-78,-80,-77,14
-67,-75,-81,-81,-69,14
-67,-75,-84,-83,-73,14
-67,-76,-81,-81,-73,14
-67,-76,-83,-83,-77,14
-67,-74,-77,-81,-68,14
-67,-75,-84,-81,-71,14
-67,-75,-84,-81,-69,14
-67,-76,-84,-81,-69,14
-67,-78,-80,-77,-72,14
-68,-75,-80,-86,-69,14
-67,-75,-84,-81,-73,14
-67,-75,-78,-79,-68,14
-67,-80,-82,-77,-69,14
-68,-75,-78,-76,-77,14
-67,-75,-78,-81,-69,14
-68,-75,-78,-81,-69,14
-67,-74,-78,-77,-78,14
-68,-85,-78,-81,-69,14
-67,-75,-78,-82,-69,14
-67,-75,-78,-77,-73,14
-67,-85,-78,-86,-73,14
-67,-75,-80,-81,-72,14
-67,-75,-84,-79,-77,14
-67,-75,-79,-77,-69,14
-67,-85,-77,-86,-78,14
-68,-75,-79,-77,-69,14
-67,-81,-78,-81,-73,14
-67,-75,-84,-81,-77,14
-68,-76,-78,-77,-69,14
-67,-75,-78,-79,-69,14
-67,-80,-78,-81,-69,14
-68,-75,-78,-77,-69,14
-66,-75,-78,-83,-69,14
-68,-75,-84,-86,-68,14
-67,-75,-84,-86,-72,14
-67,-76,-84,-77,-77,14
-67,-75,-84,-77,-72,14
-67,-74,-78,-81,-69,14
-67,-75,-82,-81,-73,14
-67,-75,-78,-78,-72,14
-67,-75,-79,-86,-69,14
-67,-86,-78,-77,-78,14
-67,-75,-81,-77,-69,14
-66,-75,-79,-81,-73,14
-66,-87,-80,-77,-69,14
-66,-74,-82,-81,-69,14
-66,-80,-81,-78,-70,14
-67,-75,-78,-81,-79,14
-67,-74,-81,-78,-70,14
-66,-79,-82,-77,-69,14
-67,-75,-80,-81,-72,14
-67,-74,-84,-81,-78,14
-67,-75,-85,-82,-70,14
-67,-74,-78,-81,-74,14
-66,-74,-84,-80,-69,14
-67,-74,-84,-77,-69,14
-67,-75,-79,-77,-69,14
-67,-76,-85,-86,-78,14
-67,-76,-85,-77,-69,14
-67,-85,-77,-81,-69,14
-66,-75,-78,-81,-69,14
-66,-75,-80,-83,-69,14
-66,-79,-77,-78,-70,14
-66,-75,-81,-80,-72,14
-67,-74,-77,-79,-72,14
-67,-83,-76,-80,-73,14
-67,-73,-76,-81,-71,14
-67,-83,-83,-79,-80,14
-69,-74,-76,-80,-75,14
-68,-73,-79,-82,-70,14
-69,-75,-83,-83,-71,14
-70,-75,-77,-82,-69,14
-68,-75,-77,-79,-78,14
-68,-73,-78,-79,-73,14
-68,-74,-81,-80,-76,14
-67,-74,-77,-85,-72,14
-68,-84,-79,-84,-72,14
-68,-73,-76,-86,-68,14
-68,-73,-77,-80,-72,14
-67,-73,-77,-81,-76,14
-67,-73,-74,-78,-73,14
-67,-80,-80,-80,-75,14
-68,-79,-78,-78,-75,14
-66,-75,-78,-83,-73,14
-68,-74,-78,-83,-75,14
-67,-78,-77,-82,-77,14
-68,-75,-77,-79,-75,14
-68,-74,-77,-82,-78,14
-67,-72,-77,-81,-75,14
-64,-72,-76,-78,-77,14
-68,-83,-80,-80,-71,14
-64,-72,-76,-80,-71,14
-64,-75,-80,-78,-77,14
-67,-81,-75,-78,-77,14
-70,-71,-82,-88,-79,14
-68,-77,-82,-86,-71,14
-70,-73,-85,-84,-78,14
-67,-73,-79,-81,-71,14
-70,-77,-80,-80,-77,14
-68,-76,-80,-84,-73,14
-67,-74,-75,-83,-72,14
-68,-74,-76,-78,-75,14
-67,-81,-74,-77,-73,14
-67,-74,-75,-80,-72,14
-70,-79,-82,-79,-75,14
-69,-73,-80,-79,-75,14
-68,-74,-76,-79,-72,14
-67,-73,-79,-81,-73,14
-68,-73,-80,-82,-72,14
-68,-73,-79,-83,-74,14
-67,-74,-78,-85,-74,14
-69,-73,-77,-85,-73,14
-68,-73,-79,-87,-73,14
-69,-73,-79,-86,-74,14
-69,-73,-80,-86,-74,14
-68,-73,-84,-86,-74,14
-68,-73,-79,-86,-71,14
-67,-74,-78,-86,-75,14
-69,-73,-80,-82,-74,14
-69,-73,-80,-79,-74,14
-67,-74,-80,-89,-74,14
-67,-75,-78,-77,-73,14
-66,-71,-78,-76,-75,14
-68,-73,-78,-77,-72,14
-68,-73,-80,-77,-75,14
-69,-74,-75,-89,-73,14
-67,-79,-80,-79,-71,14
-68,-84,-79,-84,-73,14
-69,-76,-77,-82,-76,14
-69,-73,-78,-83,-75,14
-70,-74,-81,-82,-71,14
-68,-74,-82,-84,-84,14
-69,-73,-78,-84,-71,14
-68,-73,-81,-85,-72,14
-67,-75,-82,-80,-71,14
-69,-87,-80,-78,-72,14
-66,-75,-83,-77,-71,14
-69,-75,-79,-81,-71,14
-68,-79,-78,-78,-71,14
-68,-84,-79,-77,-81,14
-69,-73,-78,-83,-71,14
-69,-75,-84,-84,-76,14
-67,-75,-79,-88,-74,14
-69,-73,-75,-82,-69,15
-69,-72,-85,-69,-70,15
-70,-71,-76,-76,-71,15
-70,-80,-75,-84,-74,15
-69,-72,-75,-84,-70,15
-73,-71,-83,-68,-70,15
-70,-73,-84,-77,-69,15
-70,-75,-84,-81,-74,15
-69,-71,-76,-68,-71,15
-73,-79,-83,-83,-74,15
-72,-73,-76,-82,-69,15
-71,-75,-77,-68,-75,15
-70,-79,-76,-83,-71,15
-71,-73,-83,-68,-71,15
-70,-75,-83,-68,-69,15
-71,-79,-76,-83,-76,15
-69,-71,-75,-83,-70,15
-70,-75,-77,-88,-71,15
-71,-71,-76,-84,-69,15
-70,-71,-75,-84,-72,15
-70,-76,-83,-81,-75,15
-70,-76,-80,-67,-71,15
-69,-79,-80,-87,-71,15
-69,-74,-76,-68,-74,15
-71,-71,-76,-84,-70,15
-69,-71,-76,-76,-71,15
-71,-79,-79,-85,-71,15
-69,-73,-75,-85,-74,15
-70,-71,-77,-67,-69,15
-70,-73,-75,-85,-75,15
-70,-72,-76,-67,-69,15
-70,-76,-80,-68,-73,15
-70,-71,-76,-84,-71,15
-69,-72,-76,-67,-72,15
-70,-76,-77,-67,-71,15
-70,-75,-77,-84,-70,15
-70,-76,-78,-67,-71,15
-69,-75,-76,-67,-71,15
-69,-76,-83,-68,-69,15
-72,-75,-77,-84,-72,15
-69,-71,-75,-67,-69,15
-70,-79,-78,-84,-71,15
-71,-73,-75,-67,-69,15
-70,-71,-77,-67,-71,15
-69,-73,-82,-85,-74,15
-69,-71,-77,-67,-71,15
-72,-73,-75,-90,-71,15
-70,-79,-82,-85,-71,15
-68,-73,-75,-67,-74,15
-70,-80,-82,-89,-69,15
-72,-72,-79,-67,-72,15
-69,-76,-75,-76,-72,15
-72,-72,-77,-67,-69,15
-69,-71,-75,-85,-71,15
-69,-80,-82,-85,-71,15
-69,-73,-76,-84,-69,15
-70,-72,-76,-67,-71,15
-69,-75,-79,-84,-71,15
-70,-71,-75,-84,-75,15
-69,-73,-78,-68,-71,15
-70,-76,-76,-68,-73,15
-70,-71,-75,-84,-75,15
-70,-79,-76,-68,-73,15
-71,-73,-77,-84,-69,15
-69,-71,-83,-67,-75,15
-71,-71,-78,-75,-75,15
-70,-76,-78,-68,-72,15
-69,-80,-83,-84,-71,15
-71,-73,-76,-84,-70,15
-71,-74,-78,-75,-71,15
-69,-73,-83,-68,-74,15
-71,-76,-83,-84,-70,15
-72,-80,-77,-68,-71,15
-70,-74,-81,-68,-71,15
-70,-72,-83,-84,-71,15
-70,-71,-76,-84,-71,15
-72,-71,-77,-92,-74,15
-69,-73,-83,-85,-71,15
-69,-75,-76,-68,-72,15
-70,-74,-78,-84,-71,15
-70,-76,-80,-68,-69,15
-71,-76,-77,-68,-75,15
-70,-71,-84,-68,-73,15
-70,-73,-83,-84,-71,15
-71,-80,-79,-84,-73,15
-70,-76,-79,-83,-70,15
-70,-76,-76,-84,-69,15
-69,-76,-76,-68,-75,15
-69,-71,-79,-68,-70,15
-70,-71,-75,-85,-71,15
-69,-79,-75,-68,-73,15
-70,-79,-77,-68,-71,15
-70,-76,-76,-68,-75,15
-69,-76,-79,-67,-71,15
-72,-75,-77,-85,-72,15
-69,-71,-76,-84,-71,15
-72,-71,-83,-68,-70,15
-70,-71,-75,-85,-71,15
-69,-72,-80,-68,-71,15
-69,-77,-77,-84,-71,15
-71,-71,-77,-84,-74,15
-69,-71,-76,-84,-71,15
-72,-80,-75,-68,-71,15
-70,-76,-76,-68,-71,15
-70,-73,-77,-84,-69,15
-69,-79,-75,-68,-75,15
-70,-71,-77,-84,-71,15
-70,-71,-83,-75,-71,15
-71,-73,-76,-68,-75,15
-69,-71,-84,-83,-71,15
-70,-72,-76,-68,-70,15
-71,-80,-77,-68,-71,15
-70,-73,-75,-68,-69,15
-70,-72,-80,-83,-76,15
-70,-75,-76,-68,-72,15
-70,-71,-77,-91,-69,15
-70,-73,-84,-68,-75,15
-70,-71,-76,-84,-71,15
-69,-75,-80,-67,-72,15
-70,-76,-76,-68,-72,15
-70,-73,-76,-68,-71,15
-69,-75,-83,-68,-71,15
-72,-80,-83,-84,-69,15
-69,-74,-75,-68,-72,15
-69,-71,-76,-68,-70,15
-70,-71,-83,-68,-71,15
-69,-79,-77,-88,-69,15
-69,-74,-77,-84,-72,15
-69,-80,-82,-84,-69,15
-72,-76,-79,-68,-70,15
-69,-71,-75,-68,-72,15
-71,-80,-77,-84,-69,15
-69,-73,-83,-68,-71,15
-71,-71,-83,-84,-74,15
-70,-72,-75,-84,-69,15
-69,-72,-79,-68,-71,15
-70,-71,-80,-84,-71,15
-69,-71,-82,-76,-71,15
-72,-73,-75,-68,-71,15
-69,-76,-78,-73,-71,15
-69,-72,-76,-68,-69,15
-70,-75,-78,-68,-72,15
-70,-75,-76,-68,-73,15
-70,-80,-80,-84,-75,15
-71,-71,-75,-68,-69,15
-71,-76,-77,-84,-73,15
-70,-71,-78,-68,-75,15
-70,-74,-77,-85,-71,15
-70,-71,-77,-91,-71,15
-71,-79,-82,-67,-69,15
-69,-71,-83,-84,-74,15
-70,-73,-77,-68,-69,15
-69,-71,-83,-84,-71,15
-70,-75,-82,-68,-69,15
-70,-80,-77,-68,-72,15
-69,-71,-83,-84,-71,15
-70,-80,-75,-68,-71,15
-70,-80,-78,-76,-74,15
-69,-71,-83,-91,-69,15
-70,-73,-78,-85,-71,15
-69,-80,-75,-90,-69,15
-71,-73,-78,-68,-75,15
-70,-76,-80,-68,-71,15
-70,-76,-80,-84,-70,15
-69,-80,-76,-82,-72,15
-69,-71,-77,-84,-75,15
-70,-73,-76,-84,-69,15
-69,-71,-75,-89,-75,15
-71,-80,-78,-68,-69,15
-70,-75,-76,-68,-72,15
-70,-72,-80,-68,-70,15
-70,-74,-76,-68,-71,15
-69,-74,-76,-84,-70,15
-69,-71,-76,-85,-71,15
-71,-73,-75,-68,-75,15
-70,-73,-83,-84,-71,15
-69,-71,-76,-68,-71,15
-70,-72,-75,-68,-75,15
-71,-71,-83,-84,-71,15
-71,-75,-77,-68,-75,15
-70,-71,-77,-76,-72,15
-69,-80,-83,-68,-72,15
-69,-75,-80,-85,-70,15
-70,-72,-78,-85,-72,15
-70,-74,-77,-68,-69,15
-69,-77,-79,-68,-70,15
-69,-80,-80,-68,-70,15
-71,-73,-75,-84,-71,15
-70,-80,-83,-84,-69,15
-70,-76,-80,-84,-72,15
-70,-73,-76,-68,-76,15
-70,-80,-78,-84,-71,15
-70,-74,-76,-89,-70,15
-70,-80,-77,-84,-70,15
-70,-74,-83,-88,-70,15
-71,-80,-78,-68,-71,15
-70,-76,-83,-84,-73,15
-70,-72,-79,-83,-70,15
-70,-71,-77,-83,-76,15
-70,-74,-84,-68,-71,15
-70,-72,-79,-68,-71,15
-71,-75,-84,-88,-70,15
-70,-80,-76,-68,-76,15
-71,-76,-76,-84,-73,15
-70,-73,-83,-68,-69,15
-71,-80,-77,-84,-75,15
-71,-75,-77,-84,-73,15
-71,-71,-84,-68,-70,15
-70,-79,-83,-84,-76,15
-71,-73,-76,-68,-71,15
-71,-77,-76,-68,-73,15
-70,-80,-83,-84,-69,15
-70,-72,-83,-68,-70,15
-71,-71,-75,-68,-70,15
-70,-80,-83,-89,-71,15
-71,-71,-75,-68,-77,15
-71,-80,-78,-77,-70,15
-69,-71,-76,-87,-73,15
-71,-80,-76,-83,-70,15
-69,-72,-79,-82,-71,15
-71,-77,-77,-72,-70,15
-69,-74,-75,-84,-70,15
-70,-72,-76,-77,-71,15
-69,-71,-76,-85,-72,15
-70,-80,-75,-84,-71,15
-70,-74,-83,-82,-71,15
-70,-77,-75,-82,-72,15
-68,-77,-78,-78,-71,15
-71,-71,-75,-69,-69,15
-72,-70,-83,-77,-75,15
-71,-81,-76,-69,-73,15
-71,-73,-75,-80,-70,15
-68,-75,-79,-75,-72,15
-70,-74,-75,-83,-76,15
-69,-71,-79,-73,-73,15
-69,-74,-75,-69,-71,15
-71,-80,-75,-80,-71,15
-68,-75,-82,-84,-72,15
-68,-81,-75,-70,-79,15
-70,-76,-83,-70,-71,15
-70,-83,-78,-76,-75,15
-70,-74,-79,-82,-71,15
-73,-75,-75,-70,-70,15
-71,-84,-75,-81,-70,15
-68,-73,-75,-68,-69,15
-69,-77,-75,-69,-77,15
-71,-73,-76,-69,-74,15
-71,-72,-81,-78,-71,15
-68,-75,-75,-69,-69,15
-73,-74,-81,-80,-78,15
-69,-74,-84,-69,-71,15
-72,-74,-75,-73,-71,15
-68,-84,-83,-80,-82,15
-73,-73,-82,-68,-69,15
-67,-75,-75,-84,-87,15
-67,-81,-84,-69,-68,15
-69,-75,-75,-80,-75,15
-73,-79,-84,-68,-71,15
-75,-75,-75,-79,-76,15
-68,-72,-77,-68,-69,15
-68,-75,-75,-74,-73,15
-66,-76,-74,-82,-67,15
-71,-76,-75,-76,-78,15
-69,-78,-88,-70,-68,15
-70,-72,-83,-69,-73,15
-70,-72,-75,-77,-67,15
-69,-75,-75,-68,-70,15
-69,-80,-77,-68,-71,15
-68,-80,-78,-68,-70,15
-67,-70,-76,-75,-68,15
-69,-71,-76,-76,-71,15
-71,-71,-75,-86,-75,15
-68,-70,-76,-78,-71,15
-72,-78,-75,-69,-68,15
-70,-75,-77,-82,-69,15
-71,-77,-79,-68,-69,15
-71,-73,-83,-81,-71,15
-70,-76,-78,-79,-71,15
-69,-73,-81,-79,-76,15
-74,-77,-76,-69,-73,15
-73,-74,-77,-82,-82,15
-88,-84,-75,-68,-72,15
-71,-74,-78,-85,-82,15
-70,-77,-75,-72,-71,15
-72,-72,-78,-68,-70,15
-74,-73,-78,-74,-74,15
-73,-75,-84,-69,-71,15
-68,-73,-76,-69,-73,15
-71,-73,-75,-81,-72,15
-67,-75,-83,-69,-75,15
-72,-73,-80,-69,-74,15
-73,-74,-75,-82,-68,15
-68,-74,-75,-69,-71,15
-70,-77,-78,-69,-73,15
-70,-74,-82,-75,-76,15
-68,-85,-75,-69,-72,15
-66,-81,-76,-75,-73,15
-73,-75,-77,-75,-69,15
-75,-70,-85,-82,-72,15
-69,-74,-74,-78,-71,15
-70,-73,-79,-79,-84,15
-68,-74,-74,-76,-65,15
-69,-74,-80,-68,-71,15
-77,-71,-74,-85,-66,15
-85,-72,-80,-76,-68,15
-73,-75,-77,-74,-75,15
-72,-78,-79,-72,-67,15
-77,-79,-73,-78,-70,15
-77,-80,-78,-76,-65,15
-73,-71,-76,-70,-70,15
-82,-75,-74,-69,-67,15
-73,-78,-87,-78,-68,15
-71,-77,-77,-68,-69,15
-71,-82,-73,-68,-75,15
-72,-71,-79,-78,-69,15
-72,-74,-76,-69,-79,15
-71,-72,-75,-70,-73,15
-70,-73,-75,-82,-70,15
-68,-72,-76,-70,-67,15
